10 7 2 1 3 6 9 5 10 4 8 
10 9 2 8 5 10 1 4 6 3 7 
10 9 10 8 3 7 6 2 4 1 5 
10 6 3 7 1 10 8 9 2 5 4 
10 1 7 8 9 3 6 5 10 2 4 
10 6 7 1 10 5 8 9 2 3 4 
10 4 10 9 7 1 6 2 5 8 3 
10 9 7 8 3 10 2 1 4 6 5 
10 1 9 6 5 2 7 10 4 3 8 
10 2 6 5 9 7 3 1 10 8 4 
20 10 5 16 1 3 4 17 12 18 7 8 14 2 13 9 6 15 20 19 11 
20 5 8 11 10 19 20 13 14 17 15 16 7 2 3 12 18 9 4 6 1 
20 1 18 4 16 9 10 2 12 20 19 11 15 17 6 5 3 14 7 8 13 
20 14 7 19 16 17 5 18 13 6 1 15 9 20 3 8 10 12 4 11 2 
20 16 14 3 10 8 20 17 2 9 5 11 18 13 1 19 12 15 4 7 6 
20 17 9 4 11 13 18 5 3 7 20 6 16 19 14 10 1 12 2 8 15 
20 7 17 1 10 18 16 5 14 19 8 3 12 15 9 13 20 11 2 6 4 
20 14 6 9 1 17 11 2 18 10 19 12 4 8 20 13 15 7 16 3 5 
20 12 15 20 8 3 4 18 13 14 6 10 9 1 2 19 7 17 16 5 11 
20 11 5 12 2 6 8 14 19 3 7 1 20 17 13 9 4 18 16 15 10 
-1