585850
595199
993799
882599
549283
960798
337035
926218
100377
710245
775759
343683
154524
774185
400850
894479
748614
332360
791246
801157
540181
358798
657377
900233
160116
443422
407186
115340
993277
248386
390317
395054
567378
608337
173455
417780
101671
953795
256880
495054
900693
167998
687606
669531
931535
282630
945310
324641
593273
151732
527448
692380
207567
925059
421720
130825
897169
679669
561732
800656
384685
343472
261868
813396
706733
816542
777841
290203
414702
185528
250847
453765
388909
817586
353585
526709
843807
762542
315332
637023
646864
394915
614852
240491
621969
453619
285926
486717
104416
780422
639754
869193
429670
153968
154391
729834
140505
336720
949982
910965
686545
605833
910690
164433
582124
720362
217281
157607
380662
534099
496104
892203
390339
425865
772597
464089
630209
734088
162894
936925
396484
825128
909701
712432
478228
503341
705412
402453
129330
953155
419904
681431
247888
296668
179447
701709
690451
507213
690636
324690
896606
618545
277328
577631
682596
835285
140600
161650
599546
522705
728564
668211
372013
254528
690282
320874
973257
558188
847495
104107
406887
348782
732082
880886
868307
353905
472780
142614
313597
552588
471743
275677
941116
841597
330378
320417
735431
510370
590952
450121
491611
175305
153569
597418
754632
523893
141533
927213
565662
174390
507187
257810
850559
350843
719277
854752
397361
416431
461668
273021
572245
203958
916292
977885
160792
898807
593239
127873
633854
910817
275717
520502
173336
208358
846030
119311
275461
144116
704658
452024
826452
393152
921332
736205
517517
134532
247307
876798
609280
223198
471035
276548
521097
104260
429933
862752
770455
709063
880147
914126
352908
597591
394775
481607
497141
311853
850166
119799
961179
247274
846045
146968
748261
485083
432962
110161
609762
521856
942504
463029
755415
281041
475619
394327
933713
441159
212073
379909
905410
407214
157568
667678
388431
974351
226020
938524
923500
587395
960508
200152
343945
946357
184681
855313
296134
576881
824603
325094
824010
296640
918114
548003
450068
616171
428390
718070
565969
280287
572879
247629
275741
923234
502742
493688
173980
445630
223440
110684
506776
100782
905189
879556
723206
455423
192407
496026
501402
729108
761275
493260
601077
271247
316815
625528
321650
811156
661520
961141
884466
321570
346013
945955
611760
673802
328698
396667
717149
406002
735420
445776
315070
280849
520808
423411
373760
605318
930813
454977
200568
554031
746193
387896
904227
564521
524823
697734
251680
261253
744647
892193
639337
636391
246762
783571
768086
510171
485354
299284
964124
682827
807126
297374
309148
524877
147774
946917
913712
281430
988455
968979
490944
103685
775842
907413
881826
461110
554793
955442
522958
786462
109417
522141
940000
117562
400397
744011
408396
360626
136575
601048
747680
701066
773685
751502
839402
642338
845889
950993
674644
211896
184610
703066
813561
353772
904783
146185
758318
371906
623217
382222
466231
349230
100861
585457
675722
266258
451353
882616
964533
550418
393091
421201
725992
115869
527914
321787
430857
149821
920259
462901
268904
606344
162207
738582
730680
894205
181738
191095
688072
854343
296129
604899
116027
322078
229203
192614
111668
674073
180111
643190
188165
388142
998244
413785
607176
448701
455222
240561
250797
932984
351451
795368
927832
853936
473175
770941
752095
289720
108277
289844
755542
784248
676027
243657
432838
948848
892473
988244
529577
225636
506407
796432
279179
224991
815628
730829
277139
968130
252283
474866
652044
710839
333010
309624
797304
191079
284315
738939
686014
943762
504464
398682
690197
242863
908941
795287
917775
346165
237376
830706
887081
535068
632032
660403
592934
979552
560196
975928
773730
582186
292707
768974
455834
710946
377106
223871
605128
830807
662629
555784
694438
323508
755577
470669
427962
280157
799880
523186
714618
741170
212276
791608
116701
179278
686252
647930
233704
267740
830883
572309
484698
814216
511539
795742
153118
812974
789131
130667
901086
914296
190176
945685
366582
292272
830265
537402
359269
972421
378041
401547
360585
847839
811579
829515
907130
399366
425690
226192
175186
449134
298093
614918
602151
648213
960505
262212
164159
293633
132751
731743
750925
185463
875024
555909
446099
825204
560320
401015
927977
675192
366167
648596
928723
498699
856407
624721
637811
606670
231344
727614
468329
272628
514335
771463
168462
963660
596229
645424
884814
491693
373134
723969
229202
396736
318231
708809
364352
152126
553038
189070
983617
296982
618216
928406
342684
459111
712318
772439
809340
318184
890501
548912
213409
385973
785805
512921
786262
448095
273143
369838
472267
124419
279608
674227
409759
822804
734610
522714
306315
855676
612235
391707
847256
463472
158405
211051
294161
805224
287061
510077
843420
709545
437262
163119
825950
846284
766316
705059
744989
976746
715791
996958
163408
508543
601367
278081
697989
635282
713013
821035
664412
758120
649442
852075
930945
527811
100365
301995
103353
682488
375518
801473
172475
515734
585013
284382
334530
766187
830551
748747
942915
253495
844870
829689
282119
306359
217437
783960
968436
900589
648581
191269
341242
181696
385590
320662
362642
946777
690915
652085
144414
265681
227095
581957
241423
813356
643405
532973
854090
958025
409448
678568
607983
660369
397095
734650
612512
942863
842398
693274
545637
567650
611055
273142
461071
636462
704193
896239
575092
810007
278461
430836
488724
627848
463501
656619
655361
545307
878786
446405
769438
400944
208972
440159
808532
553964
330441
353018
639484
896395
220894
420603
917721
723710
514885
132365
987699
399345
941333
921008
782693
877837
209815
682879
786647
789557
569855
785183
758024
455091
360568
928562
660137
686576
668726
311434
255545
395054
142605
437724
800372
233335
515109
569085
673526
786905
657301
986171
612734
537367
632907
793164
125757
458573
973012
326676
881256
990776
751427
774638
705636
182993
287785
669598
513920
587329
333179
162149
170308
831737
319227
267805
660056
356717
528473
675190
140930
799253
414599
212164
910556
928589
654445
995966
535946
860688
927872
150468
334071
842633
494355
548284
641907
476407
791846
177107
613224
906920
611538
663686
366554
658126
338211
423848
904936
132282
762120
799658
294131
410510
353954
186282
824186
957550
187913
155981
315345
194102
487920
132896
170412
932853
551423
307849
108282
460723
260695
375323
991905
600134
431813
749760
879537
601931
292924
969734
602454
514095
539633
804332
798233
947918
771037
741135
692657
965156
919280
100718
283293
687403
720132
682712
196001
419131
102385
176181
135864
794062
684451
674551
283509
441642
744932
120072
683026
189326
801896
146778
588818
100599
759757
534309
980271
651476
928931
901231
370458
927723
553539
572337
619037
939447
242532
219737
526543
418505
254329
183733
925881
568048
971375
779738
909888
478468
186845
808134
282138
497849
761835
866405
862733
619047
379789
443564
254005
827366
160011
816158
217667
173226
499277
985800
703053
501121
753462
537844
742565
114024
530940
499929
596618
766315
870943
770311
429156
680400
685360
986585
231054
807965
539152
348379
992704
330711
682370
907344
425491
202523
267932
920088
893934
127569
315122
986202
594388
384437
203407
690962
812334
548683
168019
450928
965150
585912
501248
705482
667297
353929
887946
763905
572357
314340
172843
310727
742319
945627
890269
627401
510955
428407
572135
947579
335606
645460
986839
806731
398590
560741
212951
939067
958656
768225
255019
296094
316870
874848
431915
461165
600735
166358
854316
221846
555348
281855
803652
759455
343240
795242
462785
203199
410112
869038
331698
984500
556463
439882
740990
703056
120120
901768
800897
624523
664944
793952
118336
230218
778930
320218
151018
558580
486298
994714
309463
942987
626415
134494
555237
622150
951305
639932
671144
834128
506886
793402
217986
172412
122447
997093
641845
646910
928011
781487
684774
907296
100260
959548
162078
641770
170499
944825
882075
263163
253253
178025
495892
510489
905011
196982
353657
649500
441951
786464
687257
103394
386599
499270
863800
221888
540592
115161
670758
271941
735475
272226
926555
485396
913063
856203
434720
554529
601620
293311
457555
668846
280424
263631
727583
241287
784630
880963
546737
693219
532145
195669
413281
909072
762776
196185
453371
863739
321952
371688
653762
264838
323668
130255
615264
168435
105853
545770
710344
696274
506069
937277
733650
391304
468598
299909
279055
834567
708441
522097
443116
576249
432340
875601
482242
234991
196848
209368
982298
993423
342893
471109
383311
234453
675968
128822
732177
466753
378652
798483
569337
386793
655699
291260
920942
167751
426582
202026
616830
870129
373062
623650
819448
871207
622508
396563
621403
146240
269078
731882
299201
377868
505968
463048
991686
372298
681612
233700
392377
247096
255857
680445
273306
583582
392460
688346
990834
315936
978028
252822
868117
359429
324158
582786
495299
387712
820145
311544
733289
755281
533949
885088
387604
837019
878830
706081
604521
516012
386889
148126
511838
795438
974017
733975
191883
502152
778626
290875
354964
704480
500847
748288
451637
205725
798675
623856
337836
193871
799795
785484
393132
103964
319507
366205
261780
344837
611362
212185
706080
641622
472627
971980
949597
747248
833209
466868
398987
158452
168388
881276
939676
493267
477298
130855
223416
507154
759289
848316
386457
236854
649728
736610
491101
352165
998874
618318
758819
157476
264816
667743
650780
741333
451126
521524
441770
822076
226891
331451
307116
520631
161132
407284
181659
495864
140138
106456
282658
599864
930758
805270
110255
711177
624535
353710
162140
944061
608946
564841
211999
647304
266186
970391
296753
796880
868881
260942
510147
999995
992244
128303
158995
158597
111313
680653
321734
955860
220808
500665
582007
543389
525666
617009
510072
434576
922307
210049
972936
132190
577349
836564
327274
232470
255436
959525
831488
631156
908503
110307
421216
181598
742906
137427
737262
422132
812573
324947
226772
679026
543768
355322
462932
995744
332165
517632
605358
599433
193522
167196
224572
961321
655896
574874
722045
802795
432193
568248
440615
194321
314986
139243
813569
836357
525015
599272
388368
952719
231156
119772
815394
446963
711937
706230
372993
964008
756486
871554
501415
247200
501869
113017
624481
716268
174769
644742
911688
981827
298720
971355
675958
831764
290762
462940
111306
457468
614798
380124
286330
610117
502585
331318
723334
957237
486909
812853
720939
563155
747846
348919
979630
745648
165416
711455
980796
446153
837808
888482
205182
213982
373723
375413
987713
342959
209896
871639
877689
586938
262915
617772
729782
294442
203563
347072
341529
921591
526308
813436
843175
722380
880116
204705
376615
904492
270646
799500
520271
245578
177949
665630
430637
231027
650403
855738
202419
258182
410845
282228
916688
855285
357930
495464
259523
699687
510157
528296
851388
187404
384406
766771
176884
240904
233840
630811
811283
882208
368401
259121
409727
418253
733032
173539
759401
200776
654404
308107
756557
563990
689016
224781
505570
591858
667439
352946
333559
837371
264759
514676
788228
866242
182221
252213
214863
114892
855604
519635
308135
318624
746026
453896
652868
753940
838056
970205
872681
224138
778960
653059
691295
528146
428831
737104
528494
346360
746912
872196
296946
474465
124800
600020
152549
584249
867192
755110
259315
567149
238303
943252
507861
246847
295125
385642
121459
653427
545106
515542
576765
273833
768314
676061
448136
473507
670287
278111
407538
304340
594252
911148
670789
449389
658864
788070
833348
608012
462730
797021
397114
314993
125464
447619
698970
399167
581795
714735
315429
592684
977592
963646
235686
167572
726280
724005
668293
774138
528844
567331
649064
968681
184024
626068
314891
911228
698497
514548
331023
185337
263263
497076
404105
718432
227727
542761
610349
350868
335251
514206
221443
916232
604251
322089
803375
978345
249283
297315
570932
309782
561380
534844
362849
584898
954965
674240
270182
751283
208949
257571
453556
447941
576213
615574
546629
662617
979200
577800
799331
250082
838677
140403
129567
763661
528133
869838
559585
848289
725141
836383
777569
181558
118150
920150
181443
579427
244290
370758
733439
966114
122274
238461
709655
760492
563484
670911
379479
593501
846853
927016
830310
828548
734703
845745
661916
576107
647743
558175
583204
480345
428255
473987
491613
581817
333048
641434
293842
831826
177346
504900
165292
348299
607610
240429
428268
305588
520183
975819
880887
255067
499702
312671
820019
265155
388310
964420
741513
991218
777181
951628
203640
717940
335393
343845
754695
798758
796460
803965
348372
955834
522481
801398
963400
385277
622525
309584
935064
635914
323593
885800
868780
989810
886264
464818
826826
492105
570947
920639
871889
958720
943694
778155
725660
478428
297357
198819
558395
531760
319188
479331
201408
392990
119808
522859
107129
265715
887364
896204
206856
887678
887915
606829
674808
260999
733415
569741
371881
885353
607934
988626
571009
322406
379511
511371
376740
369659
461796
481244
560735
329431
632740
336314
453570
189357
288180
432102
704404
490866
167880
624688
808148
776750
578506
828387
445973
215937
662871
399487
808945
472075
316629
982234
337583
437626
310434
166619
297910
962436
463345
534428
578141
594086
836575
151308
720013
690982
400714
185514
632240
828161
405281
943229
331220
520691
277987
659633
675522
355301
906653
191767
768134
213923
709460
420386
500846
859786
620932
561693
512535
313243
587036
107116
535652
239657
587181
273316
893490
175625
155923
796741
902440
760869
968900
562270
180981
549254
396305
869208
122742
682415
605895
964711
720907
637886
477142
108963
788239
853277
547030
297511
673654
435102
231631
427093
210536
328970
643699
136913
512148
235756
421352
184070
330142
537416
752603
867092
889961
303938
234494
759040
178115
962613
781193
243365
414227
979648
207020
831816
307136
634669
393658
348069
566319
426916
545638
429287
619676
350262
570310
157053
763303
102545
459334
388319
493412
624354
412832
219222
684948
715591
695613
625087
602806
612451
443061
689391
596803
903553
490593
155610
269223
227220
346957
477195
729560
611809
305424
409970
257253
114855
602411
615637
654800
528240
720362
680695
959326
696559
485625
736659
644348
236020
972457
182498
730518
764519
716760
534952
903004
428819
612299
241147
168239
243188
375099
344540
753732
600623
198420
136896
827353
660501
561635
319627
590767
840116
874380
460430
137834
896656
447014
643803
405903
155412
999453
164807
791721
146586
678296
372288
388073
981638
533011
645892
495200
798822
747140
218068
696819
303573
543847
117327
585691
199747
834527
165494
374335
494620
700246
553223
837080
293725
104425
643908
268209
803314
993221
137712
868319
863136
410963
131813
840782
771347
761171
505994
786180
807748
314362
556050
553643
450707
465544
553086
953173
901104
460088
331389
682590
281811
497155
340095
624258
219067
932686
681259
817637
330378
630856
512577
685221
162044
902049
405745
436629
698445
541200
760429
469439
142771
201864
963126
679388
927049
930338
976365
891148
563366
442610
685923
980636
291651
433222
976844
893142
381710
672224
918442
746659
795904
622558
703435
409354
792909
270267
885112
565512
201702
939481
789806
827665
321160
542089
417262
820465
649018
193679
262334
705066
452015
601072
393694
374562
156688
945730
396280
100227
427721
193067
131984
390161
811513
327750
840935
461831
866297
541985
798432
148912
994085
730367
678352
491327
756738
213232
246473
770856
414733
601198
739172
163405
298347
906765
768740
474068
541173
944279
395785
719818
803720
561529
659709
472540
552579
957199
612684
437591
930477
502974
151206
357881
613437
976350
534798
447564
351706
428767
391660
602683
145060
105380
469614
529896
676979
957309
157082
341819
246129
289867
375868
976376
186361
519833
891563
100478
437144
429161
536337
730320
623213
537982
484295
976438
642796
278938
872999
409702
953325
893654
332412
850934
701024
248265
568657
162562
277183
661900
137878
147865
984003
990775
308192
947553
878459
207365
657628
380724
893855
895145
635453
792954
160800
743774
931717
344223
651877
269663
199544
309021
618067
615209
752573
854505
998345
482237
760405
209539
824364
725063
468096
837858
966795
430517
349841
912911
727766
943044
722716
438614
880362
707562
231198
624178
960764
690015
787391
360474
258795
719764
957503
603029
200154
254822
275980
702955
791796
773971
445888
419761
280643
870522
590520
848910
116335
374447
689928
505982
215503
308829
293472
759847
994151
616168
845023
945870
963621
433998
309148
636099
642413
719393
306339
799593
227016
148884
216018
729589
862943
826396
470472
555619
205988
631952
390625
597297
442448
964687
319561
266655
636606
229648
750991
723202
277660
273329
422481
598155
997225
686274
951902
363551
244795
531731
241871
616775
888250
418251
677684
430768
591889
596699
956736
461673
915526
349994
271918
679272
872036
390214
573698
806428
390549
844592
573880
710627
759331
955832
210603
824969
205781
531968
377132
879962
562577
580500
768789
728276
755412
589869
684762
525911
960193
655641
525928
498157
396981
549160
200705
908302
994216
792972
673756
821609
760543
991408
851016
180126
981638
333317
309287
537736
790234
757200
725139
476093
246854
912486
228298
355741
694065
266342
609451
181754
240165
798721
716041
690114
686743
303325
250064
170085
580959
199949
672979
488859
270027
199539
225987
431324
848008
248337
921471
652976
595304
356735
346535
462857
850536
283122
888787
359657
907584
901059
231178
841084
723150
150290
128680
902850
811071
601910
659744
871213
390577
460420
441101
165112
416434
780934
552744
145049
264375
230360
557132
533421
191391
462906
632931
810746
265109
411771
189050
390307
122679
521914
349019
711987
461272
622513
596041
396452
853426
996008
814592
604396
535270
831972
410028
523882
833669
555860
116086
234914
852409
758824
409776
363889
124928
459949
558446
857641
259760
896028
259860
195351
458207
710748
517706
365738
677054
870245
860043
306736
427598
639930
966154
403417
243390
684824
597114
838601
372210
242702
266444
183535
721590
886781
282817
515556
859852
738454
820356
894919
583612
375294
314081
324157
143929
137403
961510
610924
336039
449554
631019
615672
981469
243789
955468
462947
713011
418938
474711
833378
672541
757480
373943
700506
374097
121126
736743
624217
485507
340508
704494
625061
273323
447233
957297
233692
254200
168695
690749
400240
931979
417764
686473
655655
505342
501083
157845
835709
549203
643391
191446
735471
550725
158726
546354
632015
179061
886534
421038
835684
335939
863024
541563
959754
492134
235869
855268
362404
826549
930693
686344
834072
930381
695587
206492
570133
706001
208377
563754
965414
930163
823479
627593
840058
701984
994629
838397
967175
851774
904827
590229
837646
414464
839797
874479
626203
959783
214841
786426
104185
822200
138144
457270
236006
453444
851343
997228
301349
124134
876392
133331
693250
302235
766499
589677
269086
620742
351263
266165
663179
227484
348807
825422
945020
604296
421850
462824
254338
526858
146294
896769
551864
202147
921417
721869
841761
666143
499860
737269
612688
963752
151910
769090
234188
922735
804869
356989
700941
375656
542959
133875
564933
479677
155778
132027
154269
680228
105997
471332
524667
526484
103793
608913
106132
354429
819733
421758
713634
601345
762673
217521
856473
109300
954396
883648
745913
945391
678648
784420
290643
379473
787566
375874
814925
452035
952994
782861
680653
980841
356625
727637
635765
496703
308328
617377
329779
624162
673141
141728
517688
950460
885078
697468
926176
220264
296259
159268
271331
517619
655068
415038
123668
772154
281786
100747
259254
333296
445195
141990
586089
493680
112209
384300
246775
629580
399328
443063
608127
397000
546886
843274
932822
534648
730890
793402
253449
738962
339469
795145
900351
611104
656153
203236
164008
513032
950094
683479
111631
247416
976535
975406
741329
814402
874912
422465
595647
392616
789862
875078
754554
546511
850743
789580
199987
674350
846648
498639
394224
176147
432953
375174
334546
999050
441565
413070
923611
262849
310944
385642
626577
717929
862653
461964
572382
495879
468993
927997
656547
180447
568743
529806
782464
903742
808804
807861
392016
630678
433395
640548
521843
504479
915069
225941
624216
870434
350067
579120
364001
313998
981854
185828
536004
669614
135544
391735
692590
969120
363497
506334
833807
434305
438573
267907
890297
753406
223277
802285
929791
191481
119696
961312
552117
192467
903091
378853
344495
930232
942602
774287
856546
376343
810247
926561
992494
549973
302663
810746
557948
908225
243986
709362
644972
237878
409841
229394
399758
998190
408319
369319
946141
560368
385311
360704
232323
110661
272891
800049
631050
682704
428710
523672
974585
860100
473354
757903
303330
780236
882195
283103
243659
866440
956626
552614
429839
523600
622549
209893
938003
399115
539356
236688
440715
610254
282597
894810
448235
294455
729944
119477
289134
747187
746641
166200
952118
878789
822889
776920
404151
292441
543104
138646
124955
899784
524933
683596
393390
849549
945910
629962
811452
219472
472079
770385
116147
557374
546130
452553
359154
864712
232106
840816
974533
722612
202406
145901
256167
189297
480110
353038
796415
402515
211685
408309
679682
784961
972877
132242
117666
578934
267763
940882
387245
984464
438838
755551
857589
490108
448414
809493
589759
721435
641006
868846
273771
837149
906453
785885
575246
767095
917435
979511
870782
654558
114681
282222
228089
674004
281825
135863
195190
273089
760323
632306
879875
816813
575990
506726
389980
923008
762835
563666
862157
166439
829153
197577
163909
468654
433642
107198
707603
639718
417226
618429
197517
480452
246935
937121
996847
590720
732779
328673
644981
121337
553280
969137
606895
506324
372285
573746
135419
880500
996130
467344
201769
177685
225138
450169
945155
457745
153325
412916
997347
180148
851382
467560
291225
394328
315041
509334
473856
481401
418829
676630
520523
786977
658184
703220
546908
134492
851008
874379
462856
663161
515073
112856
325107
860541
634377
951701
472454
798383
780456
944323
510382
162192
400274
197153
292092
580663
577414
244497
681397
112077
266246
999457
579624
254600
132094
428499
585021
890212
427243
715793
514512
457425
565101
938481
692785
937561
622545
143406
187183
645374
928955
309960
291599
349219
413187
148339
945861
501189
967165
790683
381064
251473
704228
737210
233076
843125
227134
932801
465158
957288
624757
244922
620177
343854
585264
132135
224123
180627
172510
257875
967790
401510
873737
201314
217633
525001
439634
682959
704440
954331
778150
226101
398302
983810
340100
278776
489485
347800
105811
161044
315580
816932
999468
249501
611570
606414
341241
768676
314055
635572
186887
139340
845732
418541
243836
154498
236480
245670
399840
449034
906344
916504
234187
926187
253882
494133
788177
478200
232784
707913
543183
406935
819264
338100
672261
849956
754361
519969
339367
959616
194506
517511
792887
801260
407720
507576
235702
733462
702245
588971
605091
885025
474655
523267
307827
600900
272984
936939
235828
545440
363309
125423
371680
757146
831930
251786
248379
112298
639036
274827
554708
729281
105047
584651
647585
365188
269220
799219
616642
531429
993758
948350
906316
824707
821238
878957
616808
906829
215466
812927
419690
821212
718806
454414
748106
244565
654989
267154
486854
741391
278974
691803
288551
744081
574067
974491
212256
281447
108493
865883
199383
658231
937488
604654
606318
309880
419743
859336
976697
314428
345019
562275
998319
460724
147242
437537
649257
167759
236713
693960
604034
826799
529521
934028
435418
438101
696161
735494
751496
127486
696804
911887
714326
889550
165103
647738
194258
476387
341907
692788
821220
419855
818401
744645
836597
731796
739524
310013
186685
488696
639103
354891
190057
605089
304003
647538
942132
221726
477490
172060
214679
162892
560635
248700
198786
777632
352339
349639
109321
970883
801504
663897
847502
748480
995556
237650
546538
115853
889213
862968
781329
781440
597806
551088
946745
596030
675601
678965
746702
335474
950044
734525
702591
344106
511236
789434
419483
697194
783265
481936
997218
343085
275618
642303
396167
103489
550121
321822
257395
398394
406235
433509
670427
230271
553208
418625
356354
872650
826863
429185
243330
518572
905647
658054
633347
932302
712559
113127
870628
975779
683148
816132
287508
107805
929453
323132
207482
724064
675111
855487
380356
863196
112714
988437
993698
679947
868507
906893
384559
307990
435380
336899
334140
246174
544336
636625
266857
975016
635992
305728
716330
653723
279169
627312
972173
435976
596934
711640
157301
879065
787399
961716
938039
402329
847887
285942
120595
762391
564829
218396
256559
494616
275315
398571
407775
540415
216572
995688
635894
564489
687205
894924
669098
215155
336619
375710
730368
635613
946512
946831
230390
596168
428821
301432
279579
538689
307300
479019
548521
583763
282942
420411
279951
803942
262784
633408
255235
794380
364730
687505
840292
611857
485590
498555
870991
624789
706346
713990
775512
801335
893338
999852
509257
731061
500174
283581
271466
813388
268535
742814
543499
636082
150351
658842
386584
518228
851056
910711
386928
145919
297865
484200
875558
773796
703426
307517
194201
664019
157794
274927
828632
609665
582674
888868
804092
999597
363843
928706
357755
958479
481490
680431
901591
929952
319041
268800
485675
706211
896929
527076
441905
520106
444438
606295
369853
505974
363867
993401
599530
975457
136479
896724
566836
730731
777377
522863
545896
692453
324546
832305
260303
235170
452453
996894
370655
682553
105363
934713
200786
923560
184919
935381
717291
739512
870983
251460
998653
286959
869353
132206
208101
294017
652164
405385
568908
642011
368738
326418
758308
826231
198903
183153
619484
269955
580221
958115
487772
680121
102994
967428
107483
276308
281641
847214
550688
338099
694564
477932
763300
609057
310337
757992
292103
873408
822063
865138
747331
217355
494812
713482
142678
228480
913897
636978
981442
261813
821228
313656
354280
876247
615758
716919
827839
675721
992717
744811
375076
372435
277218
117384
259962
194004
242066
349908
820431
649127
718773
717281
408589
754302
302584
618523
353491
690905
280512
312026
739625
776819
911977
412819
655209
190222
429795
299974
110552
350447
226778
871580
810744
354276
699691
363215
682001
180641
123659
307107
766403
781530
623201
438768
616132
593515
453175
742147
324686
485963
394360
974980
263480
835365
287276
632952
379598
597357
500873
988742
429392
762407
841305
180285
690619
937105
139047
830236
530793
657234
665428
580354
773132
682781
885243
468110
341542
644865
374287
403760
548885
648333
501590
650024
770289
993867
235870
381384
771665
650336
888617
951726
903771
949587
952510
612928
636119
479508
673573
465856
151093
462412
551052
454569
251823
397951
912165
359133
949662
645512
871480
476686
529084
953139
272522
638835
620029
942327
658660
817123
322170
947656
210234
395860
780566
924069
403313
655452
591623
273239
635082
490057
171587
470518
418571
157898
838981
693527
395467
895828
189767
193253
580306
938232
693003
251363
696291
720125
789591
564535
214841
942834
866321
505802
583343
980004
101784
130643
934645
938838
885429
131629
752866
965981
461998
591875
597646
547549
216902
138293
791126
976051
524149
379684
804666
140425
894971
714157
959890
198775
440166
256929
644958
738925
788253
823075
986976
446146
620508
653850
932256
395437
661374
813306
140624
645217
210843
108634
707400
144967
629576
682337
443657
967060
190911
590935
614699
107231
707932
975991
362992
558684
109074
990085
814639
218557
945384
551928
551258
751322
854478
635014
986882
120466
805897
648730
749697
674466
164564
914123
772227
930769
198043
338613
512405
347303
137825
537484
950710
571224
202751
865108
733189
617425
145585
409868
487637
913088
593688
437033
575304
568125
511021
726953
617196
228269
775764
537313
554222
937833
622264
227110
976816
103997
389926
796820
857196
480268
997206
325866
972514
578487
121662
755213
131089
917056
401191
405114
586568
482635
204758
243659
227359
966389
135919
413644
333112
530724
139150
405674
986102
175404
471371
590601
473646
227119
898067
322470
818565
801734
501469
506314
916140
405699
723809
998960
494401
402266
503284
184051
462923
274712
276085
676827
859276
720687
690859
981327
707463
323062
505212
609931
281799
904053
815975
773905
562908
325586
715436
938770
521708
441824
894888
779663
987963
904525
177883
210840
642317
514343
155720
702833
704041
511544
717132
234898
141753
452159
529082
108297
831298
715078
289589
136921
121428
787838
992408
159838
566033
291487
262034
598736
715246
727329
905783
136183
567560
351627
653304
195252
673557
395411
604890
156409
448748
641923
483358
704696
626771
278734
133402
655547
363988
150190
589859
787508
946461
669413
796307
814310
870374
911252
284122
921276
148543
341657
658597
211750
310089
393430
755348
503021
705590
413640
324462
381014
799618
302005
561543
380904
279340
537503
877243
448677
763481
972679
881660
295653
327711
694925
242970
387352
580713
459057
392000
479052
577151
406118
280590
318105
830133
168673
980528
274526
465849
647365
559114
923589
643880
828017
150807
534434
628040
428682
546315
144654
633882
552139
829493
324710
453035
998818
111673
348364
497588
642542
893597
689037
337548
996969
366901
941832
440868
465958
624975
480438
418045
262403
567666
498727
404910
967118
110671
733049
710445
563263
366062
661699
105491
118522
516413
198927
143585
603320
653700
228177
896439
686301
369595
526143
460316
724088
132220
412440
236424
223595
632455
861474
140230
729128
451731
604093
641920
910166
202603
323408
985506
144376
349883
164385
436126
959216
461075
494312
515592
510323
419787
800153
958665
181336
267663
192854
802379
767497
147229
101654
358861
501882
628419
451832
568388
938185
909124
842394
967349
128356
400841
373432
705755
766397
664631
985121
935236
546833
465276
461657
569861
526809
514855
991275
691625
911913
166423
732791
969708
775695
459208
849700
171673
151217
462256
207201
113127
991576
588846
511478
889054
183329
383492
274212
542916
413686
200670
930409
551127
282901
433597
704476
678152
977481
615610
815144
837553
568546
725938
299903
631521
706482
749471
378834
607081
338798
985838
443887
430183
430498
699752
109872
484296
174814
530846
725731
752626
887310
742158
369474
374080
359223
989769
295502
472012
237309
938199
665708
609022
871983
692019
780967
832807
849764
157528
285427
249725
952586
517438
852054
111837
235477
932023
671006
687828
620193
896849
183173
923964
701732
328398
345376
204416
278103
819194
384730
276282
684318
380866
232088
792634
118711
436357
353199
142904
902952
328232
453277
623272
539686
730979
342633
188362
251057
426347
268001
903340
639298
357723
553624
829852
772544
991031
914012
960256
507333
770021
329341
105421
113064
103722
728439
891493
426729
776989
255863
783188
639212
126738
134770
187238
996928
231628
539189
618780
493797
763758
836889
402501
189540
609159
989035
730437
729659
796954
364274
807689
994291
341511
453289
875078
107536
409584
423663
332137
390893
421315
198961
952009
403896
414234
377683
462333
392286
962765
881730
747703
968824
564659
682740
515922
751117
406382
722638
449125
285334
147855
615578
487491
781069
881747
267199
840441
441499
959813
402537
857659
119298
277712
400954
631942
828934
799842
870214
300439
625163
612004
294552
993443
494230
855983
615054
990786
247061
740268
277592
714222
520861
555710
405281
261047
154783
596088
375988
388707
681243
297904
726516
425605
976648
831399
155622
899866
907585
807344
296010
852244
144255
194504
461328
245680
550316
899626
659148
100831
260275
715981
430397
535547
468481
335732
916001
773264
288497
957342
638402
841247
271042
319765
925506
286293
985425
606945
867554
689684
413329
687933
447814
515707
149339
763978
358731
280999
926083
599026
458794
452334
305157
782215
909266
362717
788120
779545
836325
991414
926306
169759
267447
288271
985716
795744
450719
458987
722496
975960
205592
842998
866757
838205
712115
383562
540817
529959
767693
624749
494858
682162
694825
170591
437573
712352
286787
539330
715889
418728
894975
985269
491462
425873
792962
282537
450836
206090
424760
443452
726213
459099
276625
802649
336853
381282
261328
224710
736021
494594
523073
258248
463927
798810
176147
885379
330874
807912
749945
424066
668612
935436
187392
946186
286185
463620
605308
428998
780364
907326
823034
830466
636801
778425
181213
830739
661975
951695
600744
493113
405860
464033
995395
669520
414991
193762
771998
773771
257656
319435
837991
745446
184456
302260
638668
804951
444843
449654
314880
427914
319988
157456
634425
236125
827209
596660
939627
552440
195230
798409
470469
605660
259659
737686
625261
526322
224079
431731
306941
101990
552434
361848
963580
490301
737384
414639
847943
174794
782033
326090
721722
372286
848718
197670
620067
671418
694818
657625
847187
418559
461719
968290
713475
769682
942129
128489
352660
421734
286284
666290
374403
831340
218333
152029
552598
438074
854520
861879
872382
890813
296158
303531
755053
119795
354580
393770
350532
700258
150800
313467
359294
176056
124717
876910
189062
942815
611633
264482
150855
887061
921566
596006
218196
748405
884714
136396
832990
146889
597410
384982
949904
932908
305720
309360
168941
765229
870637
550672
448670
584855
364686
376589
460387
812061
796762
699613
148733
903701
299888
796584
424653
863406
560046
701367
700955
238865
578785
240222
569508
537718
757792
634264
980572
586062
204471
666487
102822
822350
729540
647991
909898
307137
138682
906561
514095
657012
122895
680498
120165
857040
678153
288679
598427
801193
767183
612662
496556
527579
579335
287101
128059
707768
697385
892304
317683
348973
153648
225372
309937
657658
245663
629097
424700
978594
261069
940051
408497
648236
486149
661860
862747
664991
544431
956855
933590
887429
934759
354634
738037
429315
185470
602023
180476
722403
559446
157286
677871
943359
193772
409561
269597
234878
312907
796733
660782
893968
629549
893145
186714
612631
124946
792035
109828
760700
417606
408833
421230
409517
581703
433078
834973
355493
986657
353061
424609
821050
506942
703070
675101
947161
863693
857739
556788
966129
178946
453613
995914
711687
439520
917353
324995
511204
222557
523622
581457
565298
716153
870947
240694
189313
546650
134754
959100
414891
113903
257112
166043
889669
681287
368933
507404
831732
505525
880910
330915
921127
733872
632458
506823
823331
916067
312009
967034
610562
331208
313454
258513
636612
928601
491243
727755
784244
645035
168911
961421
432247
815713
756041
759019
560054
785188
639043
356700
122119
631824
867074
202597
436855
358648
499104
668022
950212
750371
658924
600485
955013
507911
275651
916492
197898
253849
226169
178142
809773
268195
454137
726828
922719
500171
321141
639092
330833
619068
225009
877803
647098
796274
431064
833588
977030
433615
692093
413310
650565
865803
623320
968741
786958
394719
839572
555759
305082
890968
833895
831145
275179
216551
228161
233292
279446
964589
889844
701624
640194
352463
668633
455414
392816
852711
261342
761593
124108
539260
871994
483675
336442
615248
764252
406396
707778
781667
825807
586208
991824
694670
155597
397064
203730
543612
836334
486055
687497
861988
523714
333514
479187
183336
687138
393882
250290
292348
159866
542078
537768
161646
422793
286762
333989
525359
307736
730920
439359
725819
902325
378614
621025
563847
968150
709207
271135
922968
810674
826806
812439
240364
883795
114572
395348
975702
314542
665552
248295
665214
333087
126656
843231
128561
480661
138751
645693
204036
988092
512911
107212
652583
302102
216915
478386
292596
376472
936155
785861
107159
812321
758989
525197
338495
437351
279820
368880
202137
603892
788330
606910
506824
925701
916613
871501
236953
122071
652903
192701
855505
952506
823454
277910
283859
912852
324207
301747
764491
727091
286130
544096
105309
577135
956311
144300
329170
221116
551459
614364
948851
338353
605637
123056
821778
140477
296330
507489
113587
229107
238131
372271
411278
470937
603162
743306
243026
335725
392354
722172
108775
484853
887499
281050
301166
353475
905227
141521
759840
667087
791517
213616
812318
953218
733064
156622
870071
399593
230117
279405
462131
247359
473299
876290
830295
847600
598946
494403
229752
605722
191589
511172
138160
646710
225063
339100
327937
106658
185642
659120
582819
238732
307176
382113
915698
132386
681803
462668
679631
524187
836627
159096
828641
167995
401763
465493
418257
491135
745380
910944
288407
942467
351146
529739
693442
884638
817478
679976
574402
370725
419787
315337
580166
543287
720248
306635
762817
674377
736679
710273
183770
605128
751125
597057
202345
225762
336798
910579
105913
644765
158811
813716
143383
973899
207545
179134
618754
661484
734147
614347
691171
562072
645042
906512
422914
317899
718179
933593
948209
402523
907243
508006
688910
576302
829526
987110
845285
583993
410271
409672
972348
112612
871997
100179
269835
410336
101349
883408
558013
529994
926583
586645
655232
377596
348576
720005
985444
208162
478258
337401
911701
393638
560679
944896
268848
625692
564457
930427
624506
205063
465568
715274
764906
153047
794016
472909
802690
971970
872578
886050
451327
408667
126012
917903
358449
625464
478649
904450
267579
155225
426066
929907
934127
520718
694249
394043
591041
991033
681640
861206
832285
420234
284613
889583
832599
283381
441907
898394
525658
802089
532619
650506
369834
418147
612811
124005
553273
112844
794115
319066
892040
227301
342434
942768
981630
238337
703799
621881
336680
806060
865283
461563
494062
953553
930341
137212
622378
558045
326148
160815
931631
737772
514717
665487
168907
918079
173790
845421
480136
903142
356188
703193
425475
718393
670833
651966
235638
723570
722656
937161
473493
495638
140585
503985
506665
770688
511064
792895
258434
873296
714601
928355
499811
602974
857377
619764
582743
552363
461783
879646
358972
405622
679350
165906
224624
321928
553391
222940
560596
127718
560903
803497
258531
776240
348455
455023
858486
828189
165005
821704
162527
820634
134544
382858
855855
406494
864011
247693
864321
665582
298019
310590
432433
394099
596729
217169
543395
901927
718868
458088
827559
199977
934313
531615
587290
894350
940191
823855
808718
753826
986681
787709
737086
871993
709666
467276
535904
142640
265398
860096
565983
548904
870708
851847
457772
134986
495571
316463
923374
620315
972186
491048
828137
550827
128910
957556
505343
992304
996328
118285
329823
782647
553030
748264
112386
995229
359746
990049
735004
697155
352246
527398
712639
803919
148442
941489
465766
221523
827278
346990
370010
108629
818063
592570
807572
502223
181921
498897
255354
173768
587981
824059
966649
351025
854685
115783
254249
770103
272113
277040
423155
665920
658871
525541
904551
997995
647749
640523
502234
127831
543820
746938
454805
907554
195485
185738
826367
533167
117209
831417
764741
884665
226745
307275
436818
390001
344280
555295
666335
215142
988108
329962
710910
928703
430690
888016
848071
119600
463533
448901
681022
551258
961879
844571
588175
169442
202262
359139
917521
322222
742919
581776
184243
927562
420890
488106
193831
436119
974649
843321
408230
855635
824108
474512
764168
828973
923550
261103
929711
141265
137692
885443
404861
929925
899676
646170
738518
395413
353458
345863
687278
701143
951806
606958
874438
326122
855530
870258
224317
371928
120363
238337
306274
229701
575933
477371
913164
828131
866713
694277
203584
434709
107176
379157
876809
810086
443669
360996
552196
549755
630530
516692
589554
551527
151081
265124
967467
359984
397686
587139
663752
526976
409716
326093
766436
783801
810810
307658
445116
758226
513717
876056
497106
401759
267977
887717
190847
953238
803040
322531
729635
688037
654442
910374
416589
280856
754552
746047
775275
494803
461978
859481
123515
644140
548465
909505
145626
690027
438252
576643
669749
398155
652151
716923
990471
240797
792056
613253
202697
858787
970398
525080
652088
793987
417649
360639
949752
215811
925595
503697
341478
261035
186603
303308
287696
564599
754374
311642
747439
779372
685387
767192
194234
432284
947493
123154
802908
357487
643982
815336
128913
138965
263924
123471
544497
423558
545105
220148
645620
169549
313127
164081
591929
909531
916610
312980
615487
399637
183662
251964
760581
378377
200883
723111
941027
519797
492966
806964
823054
753029
414308
698887
547242
858225
458261
222095
703210
151555
419939
935462
647304
962022
834612
850301
903639
244364
287679
892375
537263
764399
768380
392575
903894
215160
687749
263373
489446
763845
987094
666488
483443
707123
646360
532330
403581
226450
727482
982775
960632
322113
399308
908803
430419
775194
114798
814613
713021
328889
858978
194482
143295
988679
798560
996298
206615
508999
294764
801392
751198
806349
541463
399269
186577
381332
672322
593585
687420
917145
808439
446516
602759
105277
329999
544747
397746
907989
972913
370924
102074
102148
721914
434009
490531
679954
678940
324852
744807
787661
776419
832792
263552
610739
583517
988284
271877
557356
735419
401442
925874
379186
546370
614428
161745
139375
961039
402176
265418
488720
374761
228985
716673
890069
277001
612257
384963
383786
602685
444768
778277
206010
848537
180420
319843
548421
782990
178570
958108
496834
760346
878918
471268
702021
372510
651402
309098
123999
816604
446513
233287
378507
490551
932001
832239
401184
114532
778379
619646
381584
387181
359197
983465
884376
706482
914558
761682
242658
743507
638285
679313
570630
564383
872276
401091
589249
926505
677530
505485
979230
506142
851775
643608
736937
188989
706708
677217
429639
751984
101612
947141
769497
459667
106109
692497
693362
327260
395067
663591
406760
489112
926840
180064
248034
629851
429757
798512
899788
620957
697090
759586
772469
279520
105598
402213
256477
421288
156553
836419
697276
746439
559989
874507
754268
119016
486631
771613
999751
812089
160432
533400
638246
809750
739194
605109
622836
429645
180788
677482
872539
533485
353967
984359
810669
546424
715866
630029
699350
578393
765397
526217
522256
633599
320080
905192
929488
225821
745371
973671
243737
665650
312172
299582
451503
684622
701366
979313
106325
399723
351751
160177
592375
801948
299988
219926
886210
681475
208922
370849
733960
194240
784309
179608
718391
817686
133934
823285
750832
110932
872007
210356
114459
933207
313320
417728
320411
920138
370096
666243
472262
570020
516217
272761
403050
898520
627128
742308
921572
785949
598770
338824
782027
957314
961743
435936
831307
932024
546578
553573
300170
783138
911648
605598
357679
244022
112583
436790
745538
636320
650588
164325
585007
259387
360218
923397
455860
596430
412430
565240
248775
985780
586782
582741
173542
834426
495195
114870
741150
875216
602290
927061
829782
856865
913534
489124
661048
256666
727516
618231
225719
541463
580046
479584
509179
284948
233167
454649
603488
645640
429189
727180
126819
243279
811562
198723
440868
666776
348302
184375
808198
897207
211166
466365
996786
760328
349767
850621
427632
618786
239486
205987
713428
789299
690170
291062
447808
508100
800035
922520
592163
746909
526594
824764
135091
656552
833061
720882
482443
201804
807993
612795
804442
669206
229768
168451
342428
721767
773159
477725
467646
373975
535221
463713
762150
830318
944972
565038
247500
722649
304123
509784
454963
793885
895194
728662
684660
336780
623457
485538
140380
202333
205389
200913
849378
404455
985840
773212
693810
280360
456019
121549
257304
328463
185507
666851
870451
730187
613257
728025
205414
546597
910562
570021
741013
475742
803867
344211
488338
408222
148569
708836
751788
871310
848034
954887
196414
911856
850015
120250
464111
293017
828353
453682
200812
865886
210941
433488
320497
126970
708199
248034
630611
631786
137523
984220
470888
246691
966231
756217
445984
706750
601573
436191
876532
563823
342485
307153
260023
168287
459517
308436
661267
610809
421070
981231
608875
720592
664922
661073
359163
878733
656184
793331
683852
658391
317424
209009
241260
471714
720395
989525
445518
925846
643179
600983
626929
983000
486971
868060
473023
519740
579795
874626
995570
198329
635292
251182
691681
569763
202719
182600
311691
293299
613702
237495
545729
478544
559929
945354
137788
449937
224950
560056
802703
627042
134220
841639
756147
627817
869332
658495
966935
197391
239068
551251
457706
693361
841399
935586
660402
664100
181822
895397
358719
795943
945709
760231
588385
378991
452712
263519
915662
146782
447599
370824
786133
568511
552249
751534
643638
510723
656841
358637
279905
333311
407833
173924
247455
760327
575210
405943
862565
383553
786568
424476
761136
607296
110622
571100
439367
768993
289968
205026
514011
490502
788232
545711
230621
888513
689215
581193
492894
415686
961327
685229
392729
383887
933534
556937
202031
297465
519205
154592
932619
161696
378538
395014
536025
237682
709050
424905
712278
191000
970030
453907
356838
680304
883092
492285
855579
701039
446030
865980
393417
159601
542712
631368
309234
195804
539508
909866
450265
808547
236039
878368
318490
350901
117629
810762
107802
752593
810199
152173
988427
857417
303888
566433
335894
255803
424526
204069
798090
786466
643976
742155
220948
292789
398386
479333
699060
183136
620361
634476
930718
567174
859864
213870
586341
120485
879446
138439
519740
497790
406420
926472
582387
773117
315781
818859
652597
303091
745643
239339
757910
320570
909552
830929
120979
983788
308958
491517
869483
715739
162939
472237
644254
932055
805503
686499
787366
295396
427602
452634
850339
542838
742819
298409
818635
635534
754228
601658
467951
455652
790262
793464
820874
965786
849420
345288
770838
614995
506610
733161
667862
820924
356823
930523
854055
156108
690779
780427
367506
524285
372288
364738
120321
176111
791719
299611
873775
967658
285484
346898
972162
606474
315905
141578
912899
506173
619165
561091
405295
677166
172291
586766
907750
690476
102588
724360
741897
590978
564084
209810
572050
270891
217006
317774
951173
682948
438162
248622
173229
477637
432625
160194
330879
657996
381628
436499
807307
433371
188887
222246
676086
401317
758805
937882
249626
845049
313387
239654
573016
372070
483450
373461
790429
174777
359174
650298
150256
620904
705914
843535
473192
720254
695332
197059
884311
119437
544407
956362
334286
919598
512854
202738
522246
994096
622843
735527
754594
239376
212995
861108
379796
527843
169648
969772
401877
979241
395532
445092
248410
107770
768602
323262
909087
157609
368887
890024
287636
634039
483877
194893
546358
901996
408371
189112
842429
102490
407150
439160
254416
533373
690236
980061
590658
163815
387778
270410
787994
932314
273049
367777
298410
733545
619081
159658
412091
980377
664063
265393
565004
244733
802294
827684
945247
446996
711586
825767
264051
635865
683017
189687
328809
494988
746758
889662
727881
605224
409372
494458
164518
934777
916897
856310
967493
354983
235416
506181
196174
832607
750132
397477
885463
956850
434990
867935
500813
737893
690075
687240
185544
159335
235175
602486
208744
581215
598840
389762
803731
575956
899125
438706
767085
411499
394706
504995
877583
561902
431697
257905
433069
224571
987485
703728
317130
801887
355894
879906
499995
199661
826296
502294
683259
544942
562397
225706
185611
659171
486670
645991
906759
708204
785793
725191
857479
481919
584632
497487
759324
694634
742392
796636
401970
825985
627062
369065
941221
680281
603901
561825
342246
708005
774418
582069
241170
417936
678474
517820
222831
491372
499438
670301
612002
674536
947293
543713
616793
942775
134854
627894
417295
851496
177781
443342
944348
328104
996487
175848
965090
803618
495261
736310
625418
526870
637032
311807
937218
303599
635601
626175
106821
577821
751587
930660
971762
843408
475595
933619
320694
314376
418250
281359
358802
713106
422389
335870
960818
564851
646981
136160
302998
698440
423722
879715
908791
936610
865485
935308
578607
642972
702360
135060
616537
685733
848566
300384
313364
986712
980858
355084
273825
530529
517315
654734
770311
429276
566839
313590
809626
259105
115813
388614
560070
935971
204975
131136
762445
261181
856595
206817
448453
689590
914327
694836
258268
117232
892114
764956
313948
884733
257418
158497
768081
466491
995605
742335
772461
836355
370391
676762
773422
116352
572285
869661
454930
244284
237992
411825
325600
632157
105895
618205
638976
795159
867810
955341
255427
267101
180366
523479
526661
874948
163802
543341
772377
582407
751771
585702
986300
619631
482472
540157
952641
111430
369453
243573
333210
642969
854315
214863
748534
363936
934707
510800
458150
675764
860039
543121
891165
762404
112933
298946
801093
386425
364181
576157
434230
544386
326193
412555
189154
849219
665088
470200
437062
343433
889484
650225
146993
537574
345633
162186
631864
655627
610760
899456
788953
946286
286645
574153
250908
747940
187342
446482
462313
412810
456289
655808
279618
511170
667352
579000
208902
758441
441667
430969
713071
631019
973376
722588
606106
524828
629738
343552
552293
115015
996059
330003
130625
843680
757381
459568
649686
345456
581840
642978
979576
287075
269884
651091
570256
603851
844795
246000
110709
585296
361327
402679
340410
354417
201272
882755
198890
903501
713004
432631
998423
517064
473853
540078
310940
185680
775733
595907
796683
126045
414104
315781
864104
269041
125796
429877
846638
301747
743895
983775
740526
450072
867599
672758
474001
601828
725139
100307
545325
357962
440701
744771
152113
144235
362151
643368
590603
344099
314476
638802
367267
928835
693421
579961
891993
392226
479661
754461
300651
275784
795605
127288
155687
357923
733815
658942
243269
523056
726705
243594
332314
419725
346230
295969
322932
684373
998632
723840
478446
410975
951800
256136
734438
881660
225940
120902
388517
991464
357756
823601
807188
516448
594616
650963
939228
177787
170259
998668
323904
568000
254816
151685
835069
479810
808647
951934
884885
675893
130067
375160
510521
904080
944455
517112
490840
649302
430352
874700
362552
314185
488816
334579
915767
464392
407717
621174
791962
308061
970812
247386
740180
808848
236709
926474
544843
596879
208484
363403
534340
111831
354856
166882
408335
191744
183275
874998
598800
314912
985264
144275
106892
522200
774484
841862
174214
817206
287058
867746
742440
548387
311975
538892
159907
399610
635846
874653
996085
345203
334945
148253
731771
237339
454196
695564
599013
324192
734612
988867
416600
976916
190947
784349
634786
652961
876003
950802
159091
996110
923492
121750
205434
207278
617533
727454
311687
151344
897588
764050
501166
889724
684926
499015
450098
846389
842630
399189
602653
649924
655328
153968
964435
163943
291854
242444
360867
802948
827671
994095
405031
560143
731942
639515
186780
107099
776821
989887
218157
834314
345839
976020
510150
656868
487160
302652
429169
998879
897363
979314
896525
343131
650531
943332
749919
852686
841622
689750
361242
201483
430421
192500
125499
564636
878193
404511
883230
712020
427003
427803
620149
426843
742460
201047
979972
849807
791008
727742
177872
412597
940244
297499
729554
342379
573292
342647
582305
439132
611183
607045
846571
924542
107871
192862
299388
769354
221429
338077
511039
984021
243471
225181
650516
652483
913482
675182
549437
624840
982544
222377
870090
659952
635894
292569
706874
637010
372391
765046
121347
140769
595197
303327
656610
213842
256628
278229
787897
835686
529787
879565
627519
224965
934398
486326
743682
422896
457290
702980
806849
585169
186747
204226
891088
853412
830093
615162
869477
417199
224369
974645
926499
983997
447038
704899
583121
690421
466029
345674
521202
268237
288823
700414
609037
662178
707817
416432
989255
570807
290063
908011
886511
940963
659971
629694
166896
607414
446835
949831
716068
186871
428676
903966
146979
871794
579957
805088
653745
680007
556384
195505
257122
872551
158591
807091
437554
934395
347819
320067
393901
364013
766342
223196
120131
885011
260018
821839
673141
455577
103983
948863
133408
448156
148867
414340
911595
659613
670047
601022
415229
741511
264387
178383
411275
167201
895623
640122
912124
839864
621664
269140
623245
304501
491877
784599
765308
859833
693439
557841
384749
708443
349536
481526
409721
496776
247125
828292
174412
498021
706821
157252
743442
748939
543940
623776
748706
782470
328500
361932
113933
197953
491630
758839
369700
632872
460663
495031
113570
952991
719472
587021
817306
632500
865088
565124
540524
193379
258168
303403
708748
533295
882496
875557
700424
240195
482316
673297
640262
261180
450972
159355
394957
380632
566690
774785
626193
500395
842272
733795
421470
200658
157015
294709
929559
913690
807721
798573
651211
256426
266950
952373
467037
765176
781055
748956
203823
983651
265999
963548
262542
966184
231923
779089
373600
236892
223644
781430
188430
416402
202694
948241
433160
793327
420695
948579
735799
683917
859364
642918
939356
518550
530827
653789
571719
996054
882588
685275
959926
381438
838446
650424
359257
849467
459820
691712
460200
959637
749090
816183
925830
741190
993030
975798
789869
613615
310655
561944
363298
750244
403968
813817
744496
433611
713092
327388
669256
375718
339921
315994
305016
144937
463573
198278
982799
115491
421039
331751
361325
351494
969345
407890
428818
627005
218314
964672
511222
701238
483356
717346
281613
852416
996608
739973
409198
785172
480940
632501
797140
787655
478999
170373
757073
581622
853448
858595
448735
387702
265716
150639
505999
718758
108941
371913
736678
805361
626245
817817
864773
714675
132881
470683
201535
545605
191934
108716
177054
420193
170606
965313
484521
751276
995761
943825
212074
142448
636431
594329
525209
342214
490422
647544
206269
612127
754194
918664
140437
477577
818008
439647
710043
491560
466176
879579
235772
389613
589270
206176
262465
769926
995562
678208
934395
272038
875968
995632
435836
432354
630840
523865
300808
206023
110394
683706
677194
935989
372905
280906
434341
357755
283728
412098
452308
293242
506710
391224
429161
947089
236395
744107
232635
718420
671153
899068
553911
186966
580930
733534
109585
216228
383027
316615
680874
433222
515036
627785
350270
245103
142255
518456
192250
433815
820428
765869
168347
774514
908660
713800
457855
497798
610216
387977
975000
760155
146295
342003
374080
971679
918853
227531
165211
163365
547495
318600
133013
644740
271482
904805
355736
484597
881673
588326
676572
153741
160884
191928
828822
878882
375945
794854
315033
542446
637152
377898
941457
600776
309159
758276
326553
387633
536121
983539
813704
813641
139926
159029
410633
713681
645476
761137
555708
531927
194558
311429
910592
321590
849282
762694
653943
326878
298514
209236
147440
463284
763798
277671
549282
801151
792027
520764
787946
367264
137551
928972
189016
591696
280650
732701
194823
946301
409426
656451
902088
909943
397230
882487
732105
179887
783703
532392
897783
151892
270493
436559
543606
386718
288373
259201
676071
513087
137420
779040
953538
429327
381526
578450
498358
319353
626278
333703
618039
853175
331789
620526
408232
915622
340010
344802
111332
230031
749005
925892
150379
650895
215502
643397
627110
447594
371667
874124
370406
598005
817022
790862
764979
794685
747069
475003
600217
334407
757428
939876
394787
598028
712648
649004
137375
460467
464859
194920
106586
982668
471012
383703
487409
274977
769226
711698
248717
178364
558452
888414
820817
260953
941547
678680
643491
185075
530812
936042
122370
923370
152166
128434
120126
411816
889691
401990
530411
959234
886244
816546
368164
116213
989496
959007
330352
894605
758703
591975
225634
654836
615271
823544
790123
957762
688211
288861
658095
264719
349925
754515
159162
709431
305286
973578
402954
518388
596538
850625
154290
483238
167343
977812
673378
923301
510184
877378
651858
344740
258424
402887
968054
565922
343152
152690
527202
952146
662574
901787
693686
839323
927245
492747
833876
463639
372530
208318
905721
898098
548604
301476
415458
257249
148504
451482
992859
128825
711822
683952
255411
403343
576881
471426
525015
623065
745866
309781
412444
300022
621314
474369
363930
528292
206411
627430
580269
856590
523085
581348
652620
390815
622001
666375
510990
174727
186539
741276
848034
439735
501034
440649
910581
682777
993439
860548
786087
381689
715511
747678
941492
756290
755185
780928
866525
447502
671864
559786
455708
722084
825325
655320
770494
328644
525978
969505
353920
605743
301801
920358
623987
953651
507625
457906
478359
942011
776790
769118
472435
625378
353514
231975
344007
406018
325017
261165
218719
899046
648490
463092
106811
854148
153965
491831
355874
657032
204093
876867
112095
551566
381643
728424
806067
379265
162253
299528
495900
344654
975533
458583
302261
222295
693323
206750
596453
741066
879464
628247
140715
820321
688648
443860
397766
211354
603840
155330
367605
930816
716921
372157
417407
469872
367995
526005
328796
781139
938215
487980
436955
923575
983377
699160
732383
416355
667735
704286
462659
406191
280496
442629
428720
656914
513362
534333
451630
704111
952817
653920
566200
886157
302255
729303
688416
831988
904877
834210
392013
270685
128678
714416
553841
993920
703826
135510
224975
536775
244761
708136
113624
567222
167939
127464
332902
467786
451503
689009
798811
486278
777066
390038
315788
713173
235782
419404
707256
928310
897364
900201
618416
995604
294105
317005
111193
888875
149830
816741
163763
284771
460255
208915
210780
145491
429912
396710
399463
905401
116725
371855
990431
494707
860443
211314
400044
649773
692566
849193
409390
452508
868602
121230
811273
240391
909397
991370
344751
134783
779954
441038
301337
211178
484362
584764
215921
876175
702856
151354
960814
631983
919827
719422
738716
252890
579360
223893
433658
958895
200430
330779
452945
631554
654707
820994
964299
280419
475606
478237
902045
420004
124547
918411
831723
357788
238780
484829
303450
706378
509108
203422
706288
826810
674642
121549
203725
218625
393394
216042
364136
711764
748902
205327
504382
382699
353858
140993
608507
455243
881011
949409
117394
510649
808166
508057
417617
242300
446274
568882
346654
311767
433809
879530
458868
841206
322450
368158
594432
539915
724114
480993
481893
647108
317258
892327
760342
588654
841016
929887
194979
198190
909979
894883
116223
530421
822356
489435
406828
341320
233082
736828
412088
406072
473540
419459
404870
750647
815580
129752
520605
276815
730193
249669
197789
387179
393501
608040
687149
785023
852045
932660
220671
211844
627033
410409
818226
724301
804014
183161
601305
382758
692325
701003
662154
249830
814263
412079
763670
113216
972912
729590
180939
466759
165684
640717
538360
529304
155900
894351
418557
848788
910883
331599
913041
814120
730673
529654
373383
654497
730307
465990
636104
482832
437628
675569
257628
637594
863977
965790
240780
144689
876693
421436
466749
943976
364526
538594
822399
395729
506918
128774
164901
193461
604456
514814
853795
756776
601820
823194
251174
260416
272899
710495
466746
288313
219101
675750
219746
899884
235357
968158
418692
364905
231177
977452
174861
552417
872972
354137
587655
398597
203430
286996
218979
798431
689840
799143
800715
669053
547164
813045
203812
324484
492843
175962
149262
372129
440248
765249
105137
333053
224932
825585
221818
453204
290325
377686
988405
556266
663758
506017
145169
700973
453873
375200
717985
878128
298351
507697
268424
339557
384434
107171
592259
213065
455688
597347
409092
593114
288282
462400
629127
687684
637047
905699
271094
898097
605644
671004
209150
888534
670419
354854
825234
708477
502079
680533
277169
485156
765682
505570
651704
325200
301554
544166
419113
477981
900415
417561
813963
932841
991064
574138
964100
207175
129537
278047
375319
342375
790043
200827
876709
451310
805068
820662
524659
462079
591757
879597
961626
851415
260483
131626
402498
635162
666535
485403
307292
983983
208538
414863
232071
894193
630463
236412
775474
777586
463808
756784
640435
550999
787863
137003
162004
961090
186975
839701
568936
851442
256455
763395
892074
932118
794066
493279
839282
911333
551000
338066
551483
956360
177188
478270
341999
386207
632184
343482
201066
920542
411124
299702
912221
909070
979318
532284
346583
175013
249506
954246
905619
737056
561980
835605
457524
239669
816715
509547
454156
885926
700805
841257
155435
195613
726837
774313
543985
780278
583524
171120
192197
644096
930428
799091
775898
300893
520190
388378
410103
337818
544752
778468
837197
577559
298197
619507
795822
694187
152828
196931
749966
202742
913873
336038
348816
442071
171989
344424
107063
837474
100539
809096
791744
880867
803146
359983
145435
391182
334202
435203
688904
807625
363247
332230
625204
605123
643764
354713
739572
145682
432632
323695
440448
432290
764033
929598
767189
495682
609048
578493
228501
783097
984496
791952
359804
181056
277391
847657
851802
222057
518470
986470
522891
681598
957710
753750
285752
870989
546905
559902
931456
185293
419957
746502
427743
513189
555412
936502
663772
264414
980365
455341
937117
393186
423967
758733
807486
470481
252252
276917
682738
846360
464212
902855
565306
723576
571701
518331
547850
729647
990417
385758
544398
491711
543740
408040
718952
864125
582358
829047
811081
655759
787966
354232
543791
258608
474019
999292
596838
621688
229827
361467
580717
148219
525162
682845
347833
739722
275190
755989
272050
155081
607968
499285
215400
720676
398375
549450
124025
614530
489563
157875
973257
821829
323102
808192
514266
504975
770973
824995
744708
836491
722421
729670
123742
924031
708906
262203
663895
808355
589641
240085
489748
148247
720748
671143
821455
908521
230140
846646
157515
398909
756277
785157
607930
576616
329686
913720
712472
271397
930889
670981
706592
684492
304435
713640
478056
227097
490544
868761
178018
470722
934596
562184
175986
341654
291415
877524
183319
451849
636377
984031
624305
906417
246960
501211
943481
106987
308009
267160
928383
850217
159655
878733
438752
438300
757022
651481
235409
486506
119675
669899
642891
314319
104324
612566
299689
175451
464842
660114
599363
968197
184332
977878
608591
441904
753258
976775
436797
122073
369799
830718
443907
393638
203072
306393
113721
640900
960619
702665
442022
108310
363813
359072
624490
948092
214319
359996
244403
417794
532066
227742
406842
593376
357070
373649
828403
567620
191505
974804
771070
414318
701252
608016
481154
922167
948837
177885
656617
796869
367755
133628
658054
286345
559988
778920
903352
912246
704264
302501
547156
789023
254443
982187
617950
927530
310152
458041
309848
108819
700289
304557
403397
298659
828707
992865
861304
724717
638196
413546
917130
656728
426510
653376
815607
627230
326351
223724
609401
549629
294659
398014
884016
403044
264669
455354
290078
739838
166157
407705
979999
428670
327422
290212
613992
685278
996498
206952
822361
147053
495955
863187
937911
310912
544096
401238
170784
494509
802732
919200
347008
244087
910374
691255
208005
673131
661325
755652
468194
221496
179779
332796
729768
138086
472852
879800
777346
246957
139557
399187
140361
758352
975156
618656
258038
152550
679906
574224
716612
577322
581313
833322
215227
361537
179375
822434
528152
775438
391887
982584
768477
349111
590537
462045
631143
358713
595912
283790
840470
504961
210211
232412
858356
128032
926627
976002
783970
879220
528810
863580
344710
461100
918356
656830
502895
704161
260465
665482
946880
252505
291140
509273
670452
139146
502803
969014
201191
915491
970939
705336
241530
893135
413070
363962
353180
933323
428261
990711
876250
690845
939884
838919
313451
319386
420872
248634
719670
421573
426529
454172
689350
425843
498063
228635
225761
476638
280960
469939
308897
159209
279193
946599
908367
830294
412874
175316
869211
987206
470417
548363
354436
397936
181461
191751
391947
636967
647853
659222
443412
941039
891298
985418
853025
665824
292829
666331
594100
841091
528610
493286
432579
486432
435701
101162
277336
353220
972571
656570
539305
561730
757160
385586
733589
937832
388984
110248
951713
247122
234689
247108
873304
547113
138396
256856
605922
347278
737359
534970
919798
900007
148007
990871
590059
266130
230760
484001
754395
179454
895322
375931
124423
813753
534309
148118
285016
417109
517999
460582
501628
920926
864849
848427
356647
748441
445864
580936
688065
359405
584668
660871
257773
252309
168228
985081
880799
589492
346849
395572
851790
657802
965183
663693
447412
261257
345461
148307
777921
423859
435653
562073
462002
614768
896017
945551
561882
414693
658375
338905
174538
268652
871769
949799
450175
106519
981099
226786
883158
225990
351326
434515
565608
315510
382220
955661
304188
240633
813125
751402
140961
441619
907868
872571
263592
492523
821323
645472
324240
677402
651089
672615
438716
693167
543361
368904
852317
232401
928198
533830
666881
795769
376190
210476
131386
903758
817631
770337
961787
392661
937337
218123
358423
759935
207352
454613
565727
896761
855621
957745
567905
854384
112361
913753
508318
338746
622960
714227
944772
129756
960877
724685
342972
828099
383122
341773
826185
683586
702342
483155
775488
327661
115024
409570
465126
321782
605201
483050
930761
450773
884477
344492
754298
215593
604368
537432
712926
206048
437632
614418
888551
627968
964873
135384
663687
152094
613554
834440
567523
180656
483951
914671
179068
180089
639761
220931
861042
820943
929351
339801
833712
637785
851891
938599
327779
325275
361278
758411
901658
861080
649827
618258
304699
619412
781221
509847
545506
922697
831546
105234
462036
994305
759974
365111
726915
948253
124072
581971
403123
558243
761472
682662
889433
741760
582353
426164
304552
926600
986087
820531
414356
331017
951985
192483
373043
749100
603873
629141
628489
955951
724259
970441
710082
998399
111973
578447
530387
294513
187639
343269
420522
420697
962149
929639
979507
970613
231327
315740
488213
869244
466780
373752
823525
182776
434526
513546
847920
239665
331056
612805
660895
205983
849400
625336
943826
451711
750634
718721
153475
265054
776796
320547
929861
736307
756140
415321
498229
167748
465107
466281
923064
815627
312328
316817
764347
771722
375680
380260
520360
547591
433586
139583
963930
992700
232373
545932
254248
467262
497809
325019
742409
728101
200946
242446
821060
602222
613563
483577
316270
938414
993558
336438
210809
887768
420689
477932
146549
227273
473182
242635
392137
819657
628564
749643
224388
640287
638505
749359
921213
603523
964621
869854
914362
739879
471156
996750
809280
956566
628072
793040
457022
129349
530946
115576
504454
952473
852534
915462
925091
215330
696000
723420
550675
927001
800937
736034
559454
903913
519642
988505
532073
186272
790843
661187
719469
271508
638225
533396
560853
830818
538063
577689
479429
831255
886240
227775
104256
955344
180494
735698
139304
957964
650888
293425
576427
161051
438576
636606
999540
511957
212927
972614
225011
770717
982765
799018
847546
535108
467848
814914
733298
186122
480423
548312
999344
976080
620487
134657
490601
322207
835828
480599
154448
704750
758110
971727
447756
390451
851456
564377
831395
778021
911381
456089
548727
724904
534324
720795
804992
611965
266307
736009
118821
539538
230100
459061
142428
887363
511112
677390
912143
375562
153193
589765
972224
213240
210021
448165
446646
783305
327809
880742
798709
402386
734602
544199
796442
988756
517161
885861
575815
555296
997293
437146
568591
906459
753067
385271
574045
285583
308628
576691
446363
375658
303390
250935
234227
854033
956119
347473
631388
447364
338768
353353
883691
987563
531221
160442
747164
983014
691200
200226
100544
516724
444379
583145
296365
475498
690193
974658
397886
789598
972381
537941
487000
528281
792801
890300
101062
713865
701528
155402
315304
820899
139498
995157
598857
258553
162234
418139
843933
613277
409880
161073
258524
488818
128257
270445
848769
457027
722825
732135
654686
855831
260866
538596
895670
501378
635502
611373
363448
686917
841650
199666
621409
719846
439497
778673
667820
247338
370037
769968
700691
398860
648451
862441
447676
148349
804906
656699
604723
852815
373056
942888
541531
838947
611302
370936
316467
170776
528206
418276
788802
835047
844275
948215
807780
611382
388582
151029
553401
588449
817795
551232
531624
864571
794345
794095
204847
288700
934817
614507
464382
209069
979596
302736
990819
208631
651113
523152
911334
877973
455189
705723
774432
733779
241948
753462
285515
560803
653879
724493
875910
515580
282257
838047
273204
536775
135339
424541
730722
413098
857553
591902
658999
231755
652121
916785
287221
478083
449791
670383
444371
677529
703715
539136
103507
415044
396597
586645
835377
422260
232640
601977
615957
401128
484236
396571
772307
939403
814480
947969
752910
895856
324404
314654
886988
533489
640141
373325
466425
409878
840092
884904
664609
383344
847720
939408
533044
730095
638794
249254
753284
139209
726357
667437
260540
737752
651918
234949
409329
734658
202291
107026
257365
539397
112106
243731
169697
880434
121248
565592
101488
606388
735391
497973
489839
135910
491698
430512
601798
521780
894172
732006
242521
170504
726433
413979
556499
146640
378033
820412
157846
933017
546691
546215
466044
672626
627438
356995
913015
443303
801482
944257
875956
924735
862822
774851
588533
850587
779528
409353
410055
550004
592017
445536
532344
643312
768310
758693
471433
300093
652624
423071
290616
523525
637097
787201
465177
501224
630424
541200
282155
407403
486412
755228
370916
864135
817446
325809
120422
538081
754322
364313
848699
524293
868746
539149
606671
218039
813719
309352
749747
303862
371142
876542
110487
817050
150313
373389
143280
426514
526979
137836
109819
844713
386105
258476
218274
643526
323074
238203
200268
188380
999039
560135
877852
293361
639977
751943
510742
615900
749034
711733
208741
381196
266333
238892
174775
528538
232430
870006
130429
310375
727229
995961
908403
777565
432602
192344
166431
944924
358372
471278
759556
564178
642167
529078
137662
440753
729688
671131
844021
499463
877720
350816
353979
419548
725536
397337
445268
259433
818875
165929
217897
433511
787622
983609
400268
871390
546735
346186
158439
154250
701455
785648
664998
265996
283815
512021
151073
530782
770442
533773
568508
814253
349465
575282
996872
103110
596652
690996
529498
274227
833440
118669
170886
497091
904085
558558
941737
938027
237619
105968
635693
110085
846043
837230
342753
160184
640983
488989
241123
688786
303861
495947
860367
580457
145963
508085
543376
155184
932175
992713
