7739643
1136272
4134337
6962522
2787899
5585439
1133663
1550684
3290967
7700159
3264288
4833244
3423995
4557421
4221057
6721015
3929273
2227302
5684503
7349830
5241585
5376262
4569743
3081004
9728738
4680107
1312202
4494967
9554792
1323111
2943364
8512842
4769313
1660207
3369725
2169029
9306833
2463766
6168747
7049756
2642792
3115987
2542738
5915595
6224928
6109532
4880058
4097572
1850769
1174308
9252238
8770272
3632442
2127798
1974383
8417713
4690121
1506280
3745699
6492839
7495416
9969676
7542004
5310881
1850729
1765893
4401476
8098695
4637204
2197643
4731128
6379261
5191511
8694660
1617519
3422522
4631735
2717003
5584433
2201825
3508736
1308747
5530282
1273224
7959874
9631493
6469059
5935769
9054939
7507566
3357118
4065999
6929371
2990482
7240486
7966849
5482647
9879236
5825566
4280792
9741865
4569713
2751894
9988886
1406689
8541905
2345796
1490730
4472845
6036339
6393234
9234672
8885651
9832514
6082653
7165006
6405693
9337244
1770844
2312341
6455092
5290256
9630591
2848641
5049775
1559401
1625848
4370428
7683651
8604982
1470011
3367145
8136764
1954621
8568789
1525518
5269829
4439804
2850531
3459971
2294757
1167425
1250916
2202498
8988751
7329370
4766076
2556255
8599480
2106108
4460034
9033892
9003962
5402403
7790141
8744341
2873313
7376134
2784767
8944636
6631655
6740371
4742522
9514052
7588954
1191005
8514786
1014752
6680357
9994485
4993953
4836732
1468623
4249229
1767744
3492203
3953203
3386241
4591249
5333024
8662541
5604101
2673474
7884517
6979580
6213545
5821047
4742853
6142195
9072111
4441611
7310346
2555107
3757626
7458640
4698610
3579537
8641544
8115776
5533113
3504174
7994683
1821430
6491313
1094337
9059878
5919633
9888485
5124595
5926605
4927194
4513859
8396622
5040034
7448087
7132240
8492673
5136832
9527552
8952036
4492933
1272114
9074040
7773252
2697235
4272853
2392469
5408585
7314503
3889320
2326970
7364737
7718208
2691113
5005482
7339634
7021018
1246741
7837955
1706633
3049912
2632848
4331177
2514985
5898324
9289234
9975769
4610699
8445051
7673138
3423042
8707739
7962983
5455932
2305491
7238261
6600356
9077233
7202363
5799479
9529242
5266533
9997364
4639638
2166201
4246257
7784711
1289278
6822287
4257937
1534165
8938212
7897943
9292766
4574993
2147057
5384910
1520119
3636756
8954028
9674514
2914926
6742235
5968619
8331849
5498548
4287041
9026897
2869926
3670282
8028006
9375551
5355880
2401199
7114251
5014315
7237630
6831888
1639973
6630417
8292575
7992387
4146848
6877218
2197459
4783201
4006196
1711109
1844743
3990404
4801810
9721277
5213453
7315611
7382971
2607323
5729514
9290325
4367164
1918608
3536358
1987836
4819958
1124523
7787636
8634153
5608977
5070738
1290327
1232155
6644522
2697966
3693102
3585657
9894711
5380756
2897488
1076594
1912058
1031226
9934893
3527853
7708043
9725097
1535305
9840291
1832576
6936066
5757207
5678065
2604633
4175897
1715015
6016805
4053651
6863452
9182937
5372098
7182957
6444285
5498716
5393308
2422125
9344766
7152188
8810606
6945993
8243479
7284969
3049867
7990017
9754966
3383731
7557164
2634571
7660453
9950528
9814730
2680368
3394167
5233571
4366433
7091317
2222221
9678845
7014504
2774269
4293557
5456692
3501664
9016557
5050347
3653287
2207509
6368576
1858399
3721393
2352796
1681361
1710324
8186939
4223009
2026071
8028142
3585850
5128000
5127825
3538275
6036481
5169091
3173338
3957559
2504945
8286229
2895935
6326250
8799620
9492398
2887932
7338687
4324245
3966535
3051636
7182307
6536514
7950357
3002699
8074325
7614804
3560486
6887085
6568022
5422517
5455115
8449848
9554074
3032406
8286483
8272110
6515612
2290391
4975501
9024076
1011397
8876075
6037392
5179546
1177941
5762797
7578291
8802030
8489330
5451551
8815185
6724625
8159458
9455496
3001585
7532586
7586507
2367564
1522811
9308794
6023801
6314891
5313287
2760504
4815592
3589499
6448547
1632541
6650763
6630723
3184377
7039948
1927828
2130059
4627873
8989387
8275311
7215745
5368954
6036853
6694380
7896500
2421121
1676590
6737543
9767963
3302960
2272348
7908372
6792204
4261227
4820468
4309850
9879293
8871896
1197219
9949616
9454320
6229507
9209053
1537152
4653165
6907543
2106100
9145220
7806926
6338170
7761557
1509935
8269667
4820783
8188217
3051880
2957392
9352359
1216463
2738815
2997361
5581102
6358369
7657897
5926059
4626955
2342955
9406785
7082002
6748394
9638082
1705788
6756006
6921749
2069445
9300908
3928343
3181161
1427052
2934783
8950151
7836672
3225445
8089026
6950362
2480830
6592412
7275878
5725468
5897982
9685442
1036122
4381367
2280013
8901837
7632296
4675103
5220066
9614580
9094870
7011840
2617922
2404377
7291395
8573068
6597724
7238574
5301020
9737368
3133473
2798720
7695643
4279728
4461225
3846931
9091093
1828945
9957761
3493008
9094131
3280701
8319729
6006584
6405064
8925896
6104530
5559767
3487204
2262564
2434835
6549564
4192016
8134104
1930199
7085254
6851218
6307052
1383420
7517899
5183656
7581738
4500653
4818982
4403130
4854215
7246420
4798737
6496347
9742511
6327453
2724667
9998033
3430104
5984702
3182930
2567009
3962008
8132380
3517263
5298676
4316130
7651521
3100136
9116303
5744476
2568901
4024328
1903904
3292773
8909253
5260867
5103048
2711911
4165612
7363193
4397261
8115839
7173386
3027205
8447682
1031899
4606694
3096604
4807672
2551545
8097286
6042717
9911921
7263720
6413560
5829610
7120674
2411798
6567849
3813713
8704298
7438451
1934530
1514035
5661499
2253003
8859782
5669075
8770952
8306927
9442021
2669076
4750850
8893798
2315176
1871473
3016889
9656802
3096594
4554296
6280868
3390758
4975369
2602939
8538387
8739506
3076992
2437029
7542036
6125544
4275000
5438800
8157121
8356444
4798115
3097481
5852526
1095717
9262556
8777992
3217334
2487708
3083943
8167643
8311270
8334599
6227903
5608733
7998494
3640392
2043632
3849723
2143444
4270338
2673591
6983592
5522674
8350170
1905854
6053262
5885900
8076706
7144315
1969627
6125619
7139506
6939925
5817472
7933803
6499952
4001409
1172785
3999288
4267772
1900832
1475321
5673192
4286441
7822739
2256305
9106317
3549010
2857106
3003258
4906573
2198709
8987728
6355392
2621988
7335467
9730454
7872869
6551697
2441586
1044271
2716020
3391431
7332030
9335972
2893151
7328762
4945241
6865851
7574326
5055937
9978190
3104894
5223660
2674858
4378593
1214510
2736337
4697669
3610529
9215536
8805606
7358734
1890481
5333195
6152062
3367897
8681026
8063946
2566990
6889052
3923782
6997386
3856038
2043363
4246847
3489306
1451184
8413280
4815396
8436949
4885739
7962372
8572428
9783093
2201860
4888001
3406592
3454731
3923199
2324267
3445621
4335854
6797546
5345328
5062027
5606390
8345337
4094445
7699526
9310328
5060657
9039989
2820463
2440306
2153236
5342838
9026704
6470762
9332470
8285040
7372150
5260693
6394415
9835962
2900765
2527591
9040816
3106029
2396099
7422427
8381767
9930992
4272613
2435281
5821098
1797488
5908623
2216642
9127873
5522830
8797882
5212845
9835400
4045676
5067536
2857889
4991249
6473719
9936690
2905099
8041398
9548209
1225373
6299004
7848038
8923736
4051566
1637559
9173782
7378050
5809874
8823929
8178690
9024509
4277853
3010209
9918105
3055085
2166664
2489752
5828106
5065931
4664416
9780960
9259048
8563631
7169768
1114857
9536720
9329597
7269987
1215256
7641652
1235590
6053547
9401258
7335292
1886975
1336480
6163298
2670818
9345072
6391960
5482330
7426919
6985135
6398655
6035049
8269498
3110681
9757722
7677818
4041072
8620473
4705784
9550033
8580579
1813795
6340442
7090039
1671799
1623875
9129921
7732532
6412929
1280195
7630383
3347365
2291518
7466733
8067156
3949503
6055169
6955641
3479718
2822851
2685383
4117664
8257245
8032993
8680880
4988348
9919068
4158100
2440367
7170465
1818864
9236052
9049878
9725779
3332964
5684281
1389332
4033819
4747513
1553253
6354418
3938750
3495056
3930940
7243733
2106925
8475566
1936859
7708932
3705971
8360763
1546438
9364300
4804743
4742833
4870010
2680917
4848629
6879159
5120492
3069390
6743892
2116030
5459933
5728370
3442682
3545207
4604780
5962382
4813018
5479057
8371911
7229888
6830613
9613369
8101502
3803685
4501114
5867633
8430310
5707899
9200604
6726257
9639046
7398065
2822614
1172139
5376794
6015202
5578632
5332538
4754308
4854012
9435786
1939286
8480211
6841868
6323922
5834667
8046658
7616821
4810877
3247971
6791241
5922834
3000066
7286043
7833480
8392672
1359338
8866710
7885369
5637122
2783624
6532972
8879453
3052745
3311260
7594675
6034628
3029210
3222146
5284810
7737820
5252804
2970444
1961236
4330947
6487323
2692229
1771872
3593790
1308384
2209738
6051890
4679751
8260484
5252784
8385580
8509876
8888727
7119105
9574351
9990153
3840623
5086118
1168450
9523612
6078027
7444829
6994335
1868250
5054947
4299682
9576479
5334026
4205494
4894287
4984975
6536501
2115168
6763235
7729395
4846202
2522941
3031398
2182715
9363623
1474843
2332367
6211746
7234532
2773771
4113036
1945628
8538595
7583197
8752576
4699450
8864285
9406255
2501934
7088067
6136599
6395103
1632489
3511546
8715916
4137729
5704843
7739125
4790687
4402981
8536230
1752059
1548056
7771999
5199835
9578247
8190159
5271814
4145559
6256329
7453152
5477263
7082609
6858338
9365793
2110854
5736524
6266418
7683762
4646836
6538102
3288959
9918414
2035662
9026389
8007681
5361489
9307029
8019691
1628824
9425766
5285252
4226447
1035759
4400332
7810300
1334978
8692514
2478070
9103620
9865986
4971733
7456333
8886491
3131353
1084225
8820223
5154306
9817682
3071682
3746034
9691364
7039622
9395612
2093446
9306884
2604840
1601496
6642950
2063543
3905974
6471013
3203362
1349088
2387392
3430238
1120380
8932686
7250445
4328454
4627736
2651214
8517747
3647890
6673435
8662410
6913117
7541371
9866857
1798707
3400321
7107699
5251741
4134389
1588691
9835320
2049595
9371714
3334828
1080146
3844405
7202358
2699081
1197374
7025651
8904116
6655165
8922889
1837023
9797422
3436515
6212455
5655286
2534229
6524655
1628346
7706689
7893948
8462839
1264017
1048494
8549347
9863010
3914700
4698439
3940504
7409155
5019916
3760031
8348844
6817315
7072309
5018064
5574776
9745896
3164625
4412383
6282843
5025305
5722975
3963018
2117452
1679060
2938109
7017251
9128127
3141521
9217200
2417966
6259134
3107452
9125974
4906952
3246964
1594139
8876028
5919571
8602782
4914667
5557902
2449424
8111534
7372444
1474830
4403967
1532781
6698089
8437220
4552410
4343416
9207221
6679477
6094766
5638879
9543421
2475418
6048318
4123852
5660067
6359334
6052700
1233724
8998313
5701305
6388347
2831668
2160411
7140446
9124770
9828225
2850440
3595087
6280078
5213480
5195376
8964478
8655773
4620301
1108230
5599661
8108572
8941337
8455299
3910340
1624474
4850893
3949992
3408999
4012468
6722376
1787658
2471998
8265089
7773390
4826125
2416880
4225407
2334114
8239173
7586864
8625489
1638017
5295606
2403039
3482270
3850470
3059228
7616513
9129314
4007351
9729520
3773505
8430719
4413183
1423207
5527509
1509999
6261147
4522268
5011675
4638670
1272020
5508957
7424297
2624491
7054638
7662876
6851840
3152957
1561842
1433158
6724836
5933074
9701521
2725039
5376195
3108558
4960566
1824228
8299107
4415575
3098857
4663365
2761725
7639584
9753230
3982427
1528689
7374548
3663377
3602864
5409287
7189137
7982223
6800209
8072962
4556062
9641429
9469391
3729439
7524915
9318814
1568302
8835782
4155980
1146165
3855360
2936982
6266557
1014210
7877689
5785207
2872792
9966980
6972536
7529207
2767503
1181259
8941694
5777017
1328617
7510560
5010680
5566542
2595066
7718873
8921188
8162023
6710351
8350606
6295831
8835947
9892208
6577276
3286615
9706051
6507748
7488155
3106626
9572638
5868669
1632580
1542017
6611950
9189575
9340918
5669396
9841225
8235697
1847362
6965987
8775698
5438803
9168240
1164484
2159112
6515880
4528681
8325433
3330697
5825772
8254151
9600537
6404825
5766305
8164008
8440159
8964574
2698165
3816404
2064959
6581728
2880402
7341513
7479794
6271327
5369213
3454042
7325070
4499658
8383399
5145559
7660134
2483939
7150169
7973196
2853175
9989624
8162107
1689492
8191527
8241842
4068732
5850259
8981099
1749500
4127068
1947394
9737163
6022884
1255915
6962993
4273738
4563378
5935253
6720252
3029876
2013316
9178799
6097072
6144626
1523140
7716681
7018644
9352280
8690739
9083492
7684365
7948337
1156707
3366707
8920706
1622406
9665837
4193877
6994799
7142238
1020660
5906508
3936038
9859024
2979584
7304956
5696218
6663301
1900398
4685281
8192777
6626204
2359041
9060380
4470582
9648811
6713530
2116717
6227500
4510911
9573934
3346507
4823538
5064970
6604924
3367661
2846835
9132692
7834152
7308617
7416458
9637948
9110890
7824313
7287177
5996807
5923785
4093698
8307973
2679799
4021735
4042462
2960680
1518645
1711561
5674983
9035503
9909968
6918465
4705668
5924495
8274532
6097999
9943955
1536931
8136442
7844541
8108560
4915573
5421447
4932723
3111719
6245347
6687947
8215581
3898999
6255868
6556941
1264709
4002651
7743709
5027127
8549601
2548922
3813582
6346633
1601451
6070437
5275908
9677583
4259269
2081317
9803573
2043832
5495872
8163216
4311092
9027151
4114381
7239676
5427349
7628170
1634720
6107385
9862716
3736626
1252225
9842773
4039270
3437682
8929013
2850591
3412613
3169128
1651611
7377049
6199103
3239058
4776701
7046131
1394597
4377459
6946713
5523341
1546317
9766409
3137775
8518387
1439804
4545981
1682305
9079848
5772826
6725379
3753240
6413994
7981486
6825059
9944548
7530251
5837267
3461018
6734310
6143902
5973770
3768943
2768236
3169298
3755856
6605924
1748712
6507366
8383849
5449062
5257499
5811884
5773543
4368063
4903935
7884959
4049590
1033514
4394579
9963957
9648480
9175105
2662936
9845858
7244512
3866684
2761557
7303424
7378332
9098457
9498682
5126534
2904664
8786974
5572923
2424430
8406585
4083302
9389605
3322671
2981185
6415733
8931683
5840232
2747622
4033290
2054831
9175443
2265040
6001885
6310800
7650969
1130021
5652630
7084184
4887164
8915053
3908453
1730889
8423021
4195884
4712888
6499632
3492992
6041382
5048915
8543261
3183979
4141177
1377204
8286312
9984675
6893737
1186679
8846647
8139238
8636428
4326161
9055077
5609216
4753379
7886066
4251624
8261237
4013224
6039066
8998442
5737773
4389567
3151888
1847423
1126329
2006336
4761440
1434478
8660246
3082324
9565983
4659134
8941989
3772897
3299553
1726576
6786422
7493684
5914594
7431534
1305346
8622856
1636461
7125881
1723326
9667174
6953304
4866122
4889156
6520844
3081785
4974505
7800516
3913989
9825279
3843974
6355606
3261349
9457488
1676041
5765887
6791797
8983858
6714989
8625845
2977437
6328198
4173467
1467393
5527514
7067054
1144207
7313201
5387157
3691919
6109724
5004962
7527072
9972259
1230649
1525631
2888044
8846450
3839342
3270887
7636115
1365310
2432150
6376484
9028132
5258590
5988484
7966942
4570825
2705752
3260356
4350502
7207212
4884542
9608763
9759329
6041487
6073012
8757922
1097821
4748866
9965298
5528918
1201742
6200233
5411394
5659159
7768783
9234547
1466299
7551219
1991582
9899323
8121118
1261374
9887195
5512265
1540857
8537242
2569117
6529736
8174044
8032596
1650974
5826440
1812547
1874761
1678291
2964376
3348148
4110769
6235076
3244152
7644079
2808454
6790371
4397791
8605246
3061609
4417514
7736795
7042407
1498840
1547434
3219421
6867449
4005086
4575389
3986120
7164571
2663321
7613686
6058793
4607635
6170198
2437888
3750457
9670132
5232921
7312662
7669091
5248404
6358917
6899755
4171987
8984252
2372395
1609402
8698499
1252686
2205712
2301345
8667991
1422729
2051022
7694224
5547411
2869261
6034780
5702630
2640614
6461914
5251055
8527282
4834146
8465052
3441790
4504348
6818944
3629834
3957616
4956637
3910516
1710343
6162451
9867418
7749908
7162973
6640881
1914150
1531451
8426169
5388865
1976245
7897050
7185095
3427620
6555759
9889977
1402394
1085348
7122019
7880389
7154486
4900226
9807891
2505888
3853991
7198634
6617220
2605666
3706140
8095313
6430435
6111935
9748746
8841595
9751691
2092848
1368962
5905725
1582195
7197178
8764495
5053328
6256340
8272632
5776243
2131554
6524721
6240515
6035688
3255203
4023447
7660152
3400689
5845386
7481665
2231814
6248219
4201203
6391045
3558444
6635704
6374567
5190399
1961476
8957012
7392253
5339454
6642729
5435140
6134338
4078427
6974493
3972719
1111033
6948705
3050224
5417464
1618862
9194367
6479509
5702668
3847791
3942495
8791352
5020668
8011768
1057270
7361951
8538900
7343477
6289921
9412021
8315655
4191718
7702761
8019032
3878317
2693644
2911037
9899931
7513586
7676085
8091167
9580072
7536698
2558390
7436626
8343837
1343184
5986153
2604315
1075195
8729255
3020560
9370701
2580181
4102202
8885351
1503597
9360848
8287736
6346696
4669848
7590856
1793422
3026230
6715201
7668637
7444919
8116990
4419750
7740224
3282354
1323199
8388493
4555548
7620593
3059582
1673789
5831518
7812356
2032313
1730827
2346533
7016001
7060209
7869261
7393882
7008929
6653842
5095463
7079043
8855745
8361313
2265114
3936915
6366780
6881872
7969471
7733902
5354151
1086679
2994855
3203275
1560670
9608262
6502580
6441072
8486883
8370235
2521204
1462385
6762454
4132834
3604978
7254569
3030717
9159937
9948300
9128224
3861614
7543787
7236425
6796025
5592705
9903911
5799459
3728840
7383437
9573817
6553653
7201278
6273465
9883013
5379263
2331571
7805412
8876219
5692335
5911119
5081857
3589110
9710429
5929408
5047233
8916433
5511540
9334819
7024550
4800258
3182457
9937429
5973913
8653158
6218058
9954576
9114573
2776083
3401258
4396382
5767246
2041637
7592104
5338850
9584591
5884457
9065017
8311025
8904516
5061939
1189865
8168122
8169014
1644772
5631579
3743685
5427085
1898028
6019204
4614122
5470429
6035535
4830958
4125394
5812712
8296402
5630072
1651348
8711219
5460213
4251512
7929671
3665483
4778628
6242392
8205214
3753805
1681689
1822658
7448402
4030448
7753994
5635131
2630816
2034857
4106134
6388223
1091790
9688459
6011009
5894281
9969434
4032374
3259698
6810613
4885311
2557409
8444520
5473597
4425809
3373729
8114273
7159757
3827635
5397304
8465586
1073516
8068936
8406595
1043965
9980644
6136645
3157001
4364464
8485809
6272914
5914009
3170012
1799323
4786342
9330522
6871941
6936960
9150450
3275972
9031865
3690396
1687255
9170708
3707633
1795266
1627794
6624136
4686152
5419420
4932809
2355090
3839910
1368432
5764101
6566328
8068312
5644948
8635064
9169713
7928533
2376538
5556022
9686320
7811821
8569779
9142221
2365095
5229178
1091995
9495400
3516866
5863276
5357388
9111101
9220493
9205129
7417292
4409941
3928620
4789619
2305309
7247209
5985586
4280339
1083875
8726680
9204884
2515481
9266148
7776604
4436174
7066091
2340554
5568986
6999545
1491341
5927359
4452424
2658384
7276689
4386705
5451805
9975207
5128886
6190983
5731397
5020558
8528281
5074782
6278767
9510139
5691368
4820165
2023102
9208121
5795630
8108592
9450088
1182457
5421415
7607998
2161391
8842717
5033490
4330775
5608553
7956976
7041084
4738068
5349812
4794344
9701333
1636324
6136375
5974984
7142763
8512819
4484641
8435479
9041269
6571307
7593097
5500676
2059577
1616705
9126620
9185141
6324196
5379458
2317617
7573933
3005979
5401753
3740613
1201261
9934890
4180008
5681835
2626875
3173390
6084253
5338598
9839566
4415094
2434088
7848962
4551827
6977636
2275342
9153360
9611398
6128216
5096823
8114455
5003569
3919105
6453348
6472369
8234568
1110662
4242051
7897740
6041259
8612353
6710821
7323327
1974429
5964003
4179678
2361453
6768435
3446228
2899540
5869488
8187051
6871591
6833032
2108899
9855597
3749198
5168197
5541102
2904144
5327370
4075752
9231764
7096005
3348703
9376741
4495411
4269234
2405898
3583296
2114247
2469027
1976419
1168379
9709625
8206050
1344875
7292881
9923396
8302303
8818154
7153731
7676755
4515519
8917416
6979944
2887189
1321869
9031443
8337877
1310378
9951944
7327397
6078527
4179606
4571412
3925075
9244188
1241499
8654372
1912401
7469618
8455555
8603159
6976356
4521830
3937321
5702303
5950490
8076059
2059325
5616064
7103936
8735581
5239408
7844291
7859137
3797430
2961313
4483110
9176975
8559783
1355591
9140529
9801327
3449806
9060798
1054135
3569032
2818855
6288694
3193486
2910002
2394601
2124992
5661498
9590885
2498688
4701024
5823632
5691766
4971611
3978104
1746199
8179044
5083696
7217911
9380089
9887655
8527733
8074920
5163211
6840254
9878325
6679976
6661248
7840326
9643008
1532421
2987660
3834223
1034151
2630133
6069980
5434270
2343783
9787495
6902941
5593397
4287836
5946090
5859503
3774935
7243200
4582227
3037927
7785264
3081411
8554835
8860118
8041508
4998154
5111179
4422828
8100346
9677403
9581213
3720753
4238027
8350770
1775701
9136004
9588248
3882504
2794974
2348764
8550194
8504516
9914885
9962276
7305630
1062955
3746301
1836540
5635940
3576156
3793527
1765158
3819450
6610575
9639775
1271310
4955015
6899393
9817789
4274351
6813581
2713649
2558940
2012816
5280841
5277419
7332376
4170453
1157886
1316889
3779322
8550822
4750226
6963659
1625105
8591045
2783546
8557692
5878664
7328428
3685817
5987326
7469506
1780657
7112185
9598315
6167509
7822471
3622545
5036469
9516817
4366234
5964565
8124622
6071317
9008101
2958980
8002033
9800757
8563953
7363088
8577609
3353709
2333548
8473800
8866632
4830018
7400908
6679426
2008181
9792216
5095699
7021098
8444236
7574766
4911436
7831301
7417825
6654746
3673244
6613229
7710243
7076188
8308759
5849553
4369885
9732337
3890964
1673054
7633942
3273896
7343483
2501489
5042633
2853476
4638499
1392169
9957930
8772224
8411699
2720714
1827533
6255057
7470642
8577295
1553401
7162928
7747369
1615992
1954968
9891926
6399601
2757178
8062642
1808574
3710661
9976972
7243785
5322669
5913047
7225089
1859287
8607297
3851983
6751126
1779928
1647518
1566648
3013044
2566054
7057411
5978051
6062147
6572919
6567326
6269334
3354046
4808684
2715875
6750644
1805248
4470658
8868814
4619691
8976710
1431610
9798262
3439716
7557623
3370612
4231387
8383551
5287981
3047039
3079771
6229430
2489040
3472017
8511368
7072168
7785015
3673007
4245333
1871222
1679717
2787192
7551045
1310942
7705465
4498371
7161870
8562127
5641872
8307827
6326348
5458086
4705531
9620800
3989467
7609832
8067107
7349675
3984925
1347496
2031927
3309872
5043229
5708864
3855687
5320441
6757170
4174039
1999016
9576934
3172435
9716391
7979343
7916671
8965393
9139922
1944440
6522304
6587154
4879474
1472654
2559464
6815955
6855437
1397980
8401867
8003098
4999644
2184631
2707389
4225285
2105408
4736086
1764654
3130373
5261054
1534170
3522090
3209447
8047488
5346419
7445438
4080538
4901080
6839152
5255737
7855675
9162103
9302012
3877083
2576523
2491352
2466133
8983292
7809089
4647010
7441137
9317766
5221904
9280785
5820399
2671694
2735567
7846345
2240887
9920937
4298182
3031747
7155541
3870966
3789952
3166636
5267182
1753293
3324804
2773943
2075448
5740272
9224104
1896980
9430136
7403968
7784279
4570212
1960554
9368956
8856967
1287994
1835988
7762763
5982975
6404091
5748953
6470024
8552500
1994298
9970528
4978689
8065885
3569601
6960129
3892607
1952217
3895270
4029088
4589959
5288112
5185775
9510329
4135790
1733720
9719746
7255140
5132403
2381004
1389318
3288118
9055821
6710507
2052385
7301719
3343064
8219849
2599333
8098519
6751108
9009801
6274682
4568950
4950203
2048675
9279343
4823050
3181391
7973443
5858928
1040861
8991149
9874733
8898687
6742456
9756248
3991399
4437943
2255162
6622992
8818861
1427170
6331643
2109396
4765860
8076920
7712601
6141053
7300927
6554879
2221794
5680285
4353321
8207362
1033854
8852653
8902349
2191557
7114362
2499537
4857162
7380053
5965361
5617551
8184355
4887291
7227804
4614049
2478161
4341466
6222384
3408481
9637917
2139707
9387869
6598133
5186905
5510486
3925918
9290641
9845902
3565680
1734002
8162582
7704310
3397647
6521350
7510891
2566131
6244950
1382407
1811201
5928838
8561796
7885437
5103136
3080720
6185828
3146799
5826559
8333938
4637007
9412214
2159386
9783862
4942018
1039330
3569677
5563557
6825658
3821439
3485160
5825871
1835122
1809626
2306036
3795903
2579020
6167268
7756000
4057275
7908692
3712123
4854312
9226083
2337154
6208135
5046610
3520698
9601520
3045669
4928678
5574131
8053851
1804477
2913293
9512873
4597769
4769131
6895300
4085673
2386964
2209029
7818184
2028912
8708365
5244118
7213687
6758290
4761071
2690403
8616526
8270724
5165983
2274454
6595846
9191184
6628248
5851773
6436683
9633695
4403834
6012202
7667655
4851983
6085235
6919227
6179786
3793796
7144734
5100684
2595574
6464280
5224889
4009375
8020875
6473864
4446336
9069883
2204958
8922139
5901060
2087928
7106152
2902376
1408276
2027047
2940343
8960078
5450923
6321227
3348978
2792910
9605669
2408922
7372920
9120774
3641544
7110703
4821061
6323993
4237421
7493778
1058713
9347025
8475983
3717366
2242441
6876298
7729458
9582251
6605619
8888345
6139278
7737359
9217274
6211127
5349949
2021898
3280431
6961135
2835143
2858427
2633885
7281895
6438729
2287511
1012317
5451546
3964762
1989519
4790101
2446836
8047606
4171749
4728055
9238764
4642461
2718566
6872421
4456554
1519676
2636034
1756447
4085908
1381194
4911677
7772008
7770533
4509235
7208299
1429888
8283643
4312677
3091504
2636231
2994595
2451447
6227223
5937773
5437033
5219407
5385789
7432844
3598585
8827451
5459340
4899091
3144112
3470645
5082639
3643782
3608962
9200898
3913832
7380734
7198246
9512193
5786376
6285115
9970503
6808172
7957019
6740884
1659294
3520802
6311172
5221155
5116946
2674992
2538477
2513879
9570162
5515003
7993764
5934986
1150586
7035732
3209886
9957735
7568557
5795837
2068516
9752626
2358487
6348906
6837532
6985243
9677074
9168995
2445864
1165713
9069521
5109170
6108825
4568434
3982785
2969810
6253530
9049634
1544128
9833594
7413966
6159627
5146307
2674809
5821153
7841009
2491908
2841880
6329229
3136248
2834523
2861390
1825160
3904960
9189043
5542395
5661339
4325329
6210665
5078684
7164498
6430063
2263330
9017308
1075619
7170581
5300988
1655012
5851157
9360769
9278135
1368391
3009658
1095556
7322716
6491113
9216858
3486584
7266628
5782238
6162112
9717710
9138332
3146982
8583715
7793791
5315531
6576953
9219391
8762843
4822952
4020691
1502397
9074014
6912950
9443786
3293193
2083759
9210449
3768540
2358366
7459363
9311071
9953189
6656232
6553729
4542469
3209732
8944200
7857555
2832751
3583770
3674596
5412773
7471482
1437047
5049592
9837153
2421384
5573425
2523497
6023272
4640028
1494013
7485254
6464634
6821017
8288429
5320167
4871259
9299578
7529696
6350359
1258528
2906512
1218755
9179143
9982927
8820500
2389870
3063894
5416587
7165300
5630515
7676244
2259498
8464152
2962060
6163524
8398714
8407451
5863557
6745401
3948171
9749474
3563551
3677293
4317505
7176881
2820247
5233918
5573233
5319004
3658443
7070339
7253671
3611854
8417169
6241284
5296532
6868979
5882437
3348259
2174870
8566333
6448514
6045563
6790648
2673176
4868107
8232429
6006189
5971114
3844608
8177288
3085245
2204427
5622846
2083521
6364881
6691847
7312836
8392277
6615240
5955144
3074345
1151877
3628290
2938481
4569151
7228506
2802731
9948489
4990041
7035031
3985758
3872236
4410254
6673437
4006769
7171610
1178338
8513458
2715696
3798926
3360731
2570239
5880368
5803445
2930508
4697796
7355906
3114762
5358788
5028937
2122860
4898912
7825807
3120116
2246386
2279261
4680673
8971929
6257626
5071073
3505394
3440026
8009249
8428057
5238151
4885206
2076446
4848186
3295133
3057546
8032355
2575198
6721978
5008683
2077105
4710274
3235625
2620052
4875349
6581250
2918393
5479435
1059151
5718268
8852470
5464255
5912712
4610979
9949663
9451618
5538350
5008507
3216988
4311793
5199951
1450390
7474407
4248147
2689692
9766941
7829888
4594988
7187909
9640526
7153012
1573089
5622390
5224641
3085692
6724188
4384665
6054359
1109449
9204272
8620842
1996894
1419871
3830005
1195126
5224765
7734693
6548875
1645029
4455293
5626783
5911135
3939169
7783085
2802695
3734547
6668919
9477801
1882720
6626670
6981662
1349216
7106683
5575179
1171979
1218113
4607520
8819147
4690946
9321451
6294743
2798573
4352976
6391652
2408566
1830785
8794631
9212009
8761707
3043317
2926991
4031040
8400916
8874949
8965449
4332091
7680886
1988776
6243352
4904956
6585179
2599654
6409247
3761631
5080962
6672039
4536284
7629575
5041323
6430264
3944363
3285716
7969675
8889607
1240572
2963834
1427025
3600659
4656733
3005527
4204177
4828817
6558611
5155071
7705200
4318117
1463676
1555005
3966201
9764366
2106649
4024027
1072314
1368396
2551217
3476303
4946799
6260609
7332143
8021152
2317549
1053465
4133801
7163161
1871314
7764899
2044236
5743512
5433611
1138921
5617304
2190803
2744617
3522242
2566936
6079446
4094428
4373871
8590447
4141675
6287894
7065693
5401490
7216291
9794987
2469508
1518963
7415691
1423647
4299867
9495382
6104570
6546334
3105655
8060733
1637328
9638585
2513963
2373578
2319162
6156856
3832316
2236834
6198686
6054473
6730186
2018763
6945926
6109623
8717918
8876061
9352158
8743582
6572850
6168240
8079578
7742097
8679840
7066687
6014909
4389188
5569493
6637784
9359554
5623922
2843234
9688523
1762064
4375693
9617367
2850526
2298552
7754854
7635390
1431334
9719481
9854807
9464382
6472374
7908558
1921401
7681398
8708948
5820573
9189758
4846584
5911087
5302650
7198501
6335734
8614004
8381086
4657936
3961270
9278203
4010008
5067723
7352696
2404066
1894047
5851261
3138428
3149230
5206061
7005757
5116435
2309942
2128979
4021773
3736914
9631873
4742402
1219090
9791379
8217804
2198921
7231274
8870618
8859509
5072193
9083258
6328297
4034265
3783193
8241836
4081374
1871232
8477311
9175893
7880029
5536311
2166046
1761352
4616457
4289731
9822104
9505516
7796287
4232002
7482746
8356750
3656573
9591996
5324089
9211103
9206571
2883103
4284818
6563733
2597616
6414812
4722905
6300259
1357457
1422657
2443492
3505222
3753626
7987674
4865092
3170880
3553479
5208305
4328817
3646469
1481499
9400496
6692329
1504354
9034941
2571052
6438125
2495922
4844420
9119834
3125479
6193004
4998779
1745174
3913827
9962212
9735986
2378233
9035663
1846734
7516988
6188709
1429564
6196527
9809847
5944937
9022909
9320273
4778631
2602513
7022234
9158758
8508749
2352212
8962143
2764366
1862826
4420024
2064750
5501410
5176178
3188748
5611106
8827822
7629109
3136136
5355548
6905757
2166867
6449654
8060883
3868271
8113596
8464450
1498010
6457230
5381046
9381230
8628916
8520583
2186181
4511483
1766083
2419425
9590169
7748304
8371862
6404196
4850952
2138206
9319503
3520678
7369324
8034082
6902559
1427202
4220083
1594531
6652041
3437501
2109491
9623074
8563685
7418612
6794006
9565913
2103082
2006837
1683754
7700785
8566779
3169011
6893312
7750476
4051227
6012964
3989769
6203287
8017554
1063124
3469239
9864556
9283373
8339737
3295262
4031571
9559250
3965560
3992874
4265961
2074332
3849647
5862359
4512415
5655898
9188917
6767003
4725961
5019839
9719202
9943968
5808756
2489122
7889878
5998861
8548782
4050838
6140062
5463477
9357961
5012274
6871725
5172646
8690611
6230360
8579289
4403397
9955182
1248060
1363819
7675252
2836332
6705547
5522482
2926510
8700952
5699510
6017098
1234264
7775332
4292942
6532111
4291624
5636540
7332461
1666137
1327967
6310792
5457548
8391822
3378618
4465448
2483915
4210858
5136322
9568958
8443402
8501412
8845147
1633965
6762958
4528439
6526007
4949072
1914363
6762070
2859276
1070347
3380695
4718651
8191680
5680697
6386268
8627398
9399248
2468814
6403724
7956821
3507481
1844045
6073731
4596447
3515241
1263982
3412329
3054968
6086827
4811395
9295180
4489821
1487793
3861413
9329275
7799233
9914858
9447720
9358007
6739855
4397652
1123017
6249951
1752692
2711702
4438551
5278127
2960261
9061476
4115630
9088018
5024083
3309631
3043237
7108464
5982142
1392605
8344789
7828371
5233893
7756833
7827325
6158003
7693067
1889757
3263561
9480132
8536483
9255709
6845688
8327083
8457073
3830130
1383100
2632239
6038801
4150072
3785065
7291311
3027271
9735847
4627232
5363300
6506549
3001630
2324151
9646108
5772776
7708506
8759403
3408622
4165094
8200726
5081704
9675644
1886983
3343402
6815093
5305488
6123341
9022100
8752772
9518616
9671978
7064514
3080974
6194136
2640741
6532804
7312579
6499801
6232967
1968579
6199404
3772105
5521907
9150264
7653192
2992300
7904915
5308967
6386341
8631931
6413063
9202619
9241392
9512110
7902808
1009431
9164420
8161144
4698030
2453284
3010287
8924608
7038137
8723587
1153849
7728189
8501078
2463957
7124256
6819742
1265547
4620475
4822870
1885191
3414788
2548754
1291505
9613973
4520039
5355852
5260261
9699393
6691424
9704475
2162847
4320739
7980917
7885685
8239754
9813248
2550686
7385318
9623374
5986826
1192056
6102758
6010976
1617120
4662655
3117894
5321660
6282759
6534567
2388391
7988606
2051975
5980805
5817025
1503208
5141942
4585363
4378769
5123729
8233360
3773617
2745416
8810369
4899021
1935465
2996239
4963735
5956815
4779481
4442308
3380197
1008017
1342502
4755529
7374621
9737783
5785608
2145433
2650791
2206417
3254485
3942475
1030826
4052164
1930873
4951627
1909387
1314187
1244885
5108195
5785718
2592622
9999854
7525093
8765420
9162052
8050455
6858861
6558898
8988038
8953645
4081291
7679143
5662937
5815975
6406400
3457947
5280610
8633545
6823632
9329459
5558939
5208475
8409786
9073301
4404623
8342222
1489318
7273443
7727522
7095255
8126874
7907424
9439494
4687697
5996944
9932899
8754052
4336808
7907691
2287882
4525728
8663984
9463506
2745945
9017715
7504019
2205876
5245516
8276137
8759893
5253773
8723922
5787450
9665046
6984853
9826638
2726520
1457568
9275300
1999979
6051780
8005653
9241380
2433520
3878832
4829990
2528943
6459714
3789798
5170160
5459741
2203238
5824652
9968119
2911135
8960448
7190029
4103592
1873935
6419080
6115313
3279144
3817290
2118860
3962961
4732256
2941113
4945057
4819034
8684085
8596847
3532347
8238311
5785965
9800113
7054663
3186667
5528657
8549537
7265917
3169201
6226787
7912696
8310301
9654629
1744456
2542396
9897306
5340062
8709249
8656747
1326082
8117018
4484680
9679869
3938066
3593487
7378459
8462969
7533870
3392695
2691504
4174510
6357841
8863968
1322397
3688242
8782358
9242453
1540876
5171956
3992495
5470392
2150338
1901201
5196626
2637406
2397213
5818412
3976158
2391712
4616658
9993348
4591327
4928589
1766873
5414897
2364697
9788103
1471135
6053032
7895217
9198685
3910691
4484668
3280204
1695870
1647878
6048197
4643783
2186114
3806336
3852406
2494827
8648897
6878007
1298916
1951657
1496796
6702882
8474386
1287205
4557240
2438340
4801452
4368107
6195364
6664638
6286648
2408921
6329881
1155632
8571726
3423256
2111055
9394276
4500717
2895619
1859767
2044081
7021276
5865985
6850431
6675010
6943313
6253042
5819026
2210799
2660462
2389687
9759926
6918494
5531521
8660400
2742996
3828622
8922588
8133843
8572048
8091330
8524375
2163803
9917372
6371519
8602811
8204542
8042827
2371558
6971307
1479307
3507794
8216395
2765994
7110145
1531632
7747696
9905860
1312481
8037992
1668840
5212723
2150558
5725341
8407678
2593122
9322401
7063561
9055497
5222381
5810474
1656041
8057417
9430618
7147218
2320510
4758334
6171584
2470050
6011238
7773079
1220331
4414262
6110665
3372317
1143346
5772255
6517934
5957844
4818598
3610744
9971914
5763927
2795531
3597290
2730854
2626025
1944147
8851399
9445656
5202462
5044417
4898062
7005103
2677649
7443635
7863361
1361625
3451232
7897197
1627287
6809955
4927062
9347665
3101472
3197954
8999850
4179549
2453724
7768100
8094032
7761614
8698704
7672947
8148105
2168623
4103795
6755325
9081270
4590369
8744317
7483602
9720822
3566375
7768166
6653644
4411331
6813410
8370240
1125233
5673008
6063221
8019515
1872530
1157281
1043105
6273263
8833410
4738261
7044546
6169949
6338482
6483609
3329310
7969754
6601331
6053698
2963325
7465591
4663883
2904516
8005610
6206952
7229117
4703651
1295046
8749774
6636469
4845473
4478615
7937581
9263479
7126397
8962584
2796239
6178342
9693651
9761911
4528695
3610970
4455526
2097081
3881154
2808095
7781717
7920446
9780379
2144029
3327934
8075655
7336458
1308896
7976671
9457594
6931801
4021236
8587038
3170345
1159223
5655017
1087749
3674484
1036826
6914832
7636697
7771543
3250110
8651000
1052290
2690639
5246592
7778672
6831733
5083637
6933354
3357931
2359635
3275167
6871471
6568360
3659931
1901050
8012808
2996620
7575234
7392754
9179956
9591488
1508011
7993031
4204965
7669316
9945199
6904814
9173875
6481338
5060857
9709303
9773946
3921764
7382805
4497134
1317033
7256982
4208339
5126635
7136680
6577791
8901204
6160039
4522751
3830960
4621015
5387487
2095696
7032877
9126615
4837011
8898211
2949380
7868346
9187594
4561071
2522084
2581408
1369266
8665502
1300894
1520748
3519129
9816971
7205249
5415494
9412442
2554091
8657824
8042439
1203546
3057654
4669079
1205309
4718257
7989097
2046633
5945777
3954560
6877018
5157221
6177772
9464393
2774780
2923178
1901658
7519023
3539851
1444166
3535330
9183170
7295807
2660859
3243360
3547092
3047488
3093776
8148658
3570417
5086278
5505936
7823094
2598662
9151617
9380404
1460311
8095545
3563675
6618173
6492750
8288919
5908322
8654897
4710006
6818428
9434167
2509156
8997614
8764249
4450642
4016527
7544184
1862931
4826532
8528973
6015695
2256515
9658306
8932336
3671283
8476612
9741114
3011707
3483840
2916816
4436054
1474434
6515878
8007690
9516641
8045408
1458938
9423733
1476008
2871324
6363825
4362582
1482393
7591017
7603312
8644353
2817735
1853789
5986092
4264851
3841438
9105874
2181899
2128755
2419455
3119158
5495965
9406154
4570937
1837764
5271433
7309910
8347248
4391523
6573951
9303773
1061694
8584805
1035778
1118921
5157160
2280967
4644330
4767325
3088496
9616512
6021297
8224799
8727034
1539296
4247751
1759400
3082109
9677838
9688599
9420753
8577893
2522520
3555348
9790493
1062940
2737348
1343427
5416253
5109139
2255455
7949559
6243926
1181662
2770131
3872905
9368339
9308946
7022901
5840122
8831071
9280432
2889755
2640658
4747636
8364150
9044136
5280350
7438801
7237015
1561186
7729520
4689049
2550264
9119908
8055170
4369779
6740954
9182315
8561250
2995272
2764171
9453602
7779712
1891123
6991504
7967670
3784797
4404746
6170241
2862857
1407183
6548811
1815049
9058404
9019620
9725207
9564541
6304681
8850060
9369044
7384733
5882081
5552907
8644461
7512928
5097677
7322436
4198500
6919274
6504658
6549644
3136878
6298547
9803923
1852081
4688704
7734962
8006411
1818541
8258788
3109407
5436898
9151486
9491293
2405649
5031808
1746580
9929754
1044116
6408496
6784921
4842821
9811297
5034307
8535285
6648228
6755892
6455931
3513153
3052861
5604496
3818922
3345016
5785685
8762098
2172055
9648395
2866387
5350143
2409765
4195372
7391646
5653883
8893563
6861955
9816080
2087120
7661577
9736742
6775506
7314196
8721688
9834727
1893839
8100369
1139640
5399141
4254080
3741170
2382904
4445425
2583492
8578989
3940855
4847791
5982263
2421134
9494997
7926793
2309977
7073970
2539688
4178306
5717874
3579869
2842828
9450538
1512124
7833509
7777146
1148887
5190838
6438279
5865419
8399853
7483006
1784550
1241070
2480464
1772709
5265023
9043754
4882752
1167542
5945109
7763647
1055871
2341175
5873282
6489436
5747477
1190134
6431396
1185740
9173136
5353334
5997697
9068821
8419325
8484085
3462687
5711897
7404222
8575686
1795607
3639688
5406411
6990473
9420470
4710424
5469905
7590041
1315535
4931394
4132879
8488867
5014023
9374298
8466930
4060132
4880389
9974249
2497952
4838409
7645427
3232403
3072834
8038930
7811082
5909800
6925598
7973225
9570907
7570525
6491856
4470857
1819598
4678215
2060398
7670341
3684394
1018896
6690473
6987862
5192602
3910206
3684757
7889047
8232985
2598817
7113296
7659647
3310109
6670304
1331922
7171573
8520628
4532690
4856392
5544821
9172353
4094028
1598741
8068066
8703668
3138781
1026466
2669803
1853366
7009883
1634543
4077643
7660665
5161630
8586084
5144287
6972630
9664908
1860576
3617335
2102877
1561470
6858594
3088693
4303754
8453965
8162710
3484322
4965351
5563610
6789785
9959417
7845861
5096048
3740022
2183978
7164886
8893470
3241259
3191740
2964334
3120022
4179894
1227647
9231185
5640891
7144531
7446090
3332442
5872672
2568000
4332498
7003874
4924463
9448955
2432230
9924675
7279164
3142284
7219419
1261565
4440852
9622430
2433383
2478804
7778907
2605594
1128471
4449838
2270246
4118150
2597205
5186845
2084203
7648962
6419009
2390573
9285985
9368918
5379881
2864882
7892662
6486818
7901463
5346498
1288384
5299703
4457223
5506749
4765763
4735338
7273234
7320625
7186844
7284396
1587788
4203598
6534340
1187908
7699588
5376697
7817228
2854719
6277040
4805256
7762879
7566536
4199125
6599146
6454573
8251025
1014922
6448108
5968592
2935194
6576522
2473959
3706013
5010276
6866827
4699775
5734376
9473118
5842755
3366472
1731101
4990044
5904194
6666046
2081823
1563562
5628723
8268937
8857974
3488459
9737311
4333634
8254813
2201424
1523166
6235451
5189988
4885921
6489555
9079439
9133894
9403909
6102190
7815748
4289661
8510581
9333490
3787994
2795272
1002634
2732499
3687103
5907941
9965697
3540404
9939711
3631592
9659587
7969477
4283698
9461439
4393034
9596541
6089387
5257341
4343738
5660940
2063426
3679329
1191999
3473049
1323566
2126052
5441578
6647536
3276973
1218046
5928233
8196531
4692530
4754841
4703280
5880848
9692351
6445029
2258158
1610727
6081871
7458656
9451102
6964460
4778379
9238506
9355473
7496234
7095318
7827581
8794129
7775025
7350096
7164278
7165066
1099560
8957318
6470548
4786929
9475037
2747947
8456246
4101138
3171705
5534818
2083793
5972001
1508476
8908536
3829214
4504368
2232917
6206118
6895072
2132230
3747704
4464411
8153851
4834582
3015801
2032058
7975506
3982972
6384430
7615258
2465363
3292444
7415739
9690159
4105588
2164476
8084645
8843929
1839951
4178459
4083165
3827435
8892215
5340729
8375071
5278599
4112501
6637737
8143701
8716741
8894099
9220261
1984297
2337578
6604187
4892207
6143967
3502020
6297393
9763880
6388182
7834154
6838930
4783936
5592473
3033908
7622758
7965139
1384732
3486280
2564162
7193347
7679802
1420862
5717171
5694978
8496724
1118473
3026678
2493471
6250674
7370695
3299894
2415332
6190504
8409341
9198535
7535873
2851060
1866793
8118709
3072647
5821772
8737873
8238527
3412766
5118517
6414428
4037562
3948753
6146920
9836807
9513474
4405456
7679569
7760345
3166529
7168711
5280921
1573492
7993337
2086682
1939629
8360391
9336936
8045130
4077677
1400077
8807131
5342328
3210618
9871672
5610127
8434892
5736880
8928379
5964539
1785323
7106768
8404489
5356208
5599090
2499971
6132170
5006863
7772821
4686323
9153720
3560338
1716174
9109759
5332338
1101203
8724633
1572172
4419598
5555381
7526706
5757336
8714353
7648615
1146250
3994979
3863022
4477838
8880793
4474784
9384182
5330605
7104088
4280582
6752551
1179936
2558126
4135799
5405298
8735395
8687098
6920254
7590707
7455521
6718321
8049866
7605868
5523534
5224683
9973679
2265970
6128030
6667593
2908093
4890495
1559530
4332388
8192838
4052158
5539694
6801145
4659211
9246595
1548576
2739201
7578605
4333764
9678733
6668126
7108163
2687058
7859599
6667819
3767260
8747117
2264705
1079670
5045241
6365686
9118810
4993118
4390337
6468098
4515503
2227099
4107393
6727224
8587341
2948189
6447839
2599607
5625271
9235905
3550916
8036250
3573469
3313989
8902943
9051412
7351881
4983682
6215767
8887289
6342889
9402057
4097856
5359454
4416041
8516482
2810043
9693325
3248724
6363017
9147968
1459269
7649192
2324782
8843194
7675185
2510627
8586544
2542677
4112459
1015584
8607554
3197535
3093796
9095558
3400958
7787430
5321788
6390168
6292132
7978550
4431432
3751196
5892310
8484912
5254709
2747828
9296207
8590961
7604495
4756966
9925826
7311724
2547890
5723766
2663772
1946988
5010956
2820777
7076786
3052654
9319200
7811100
5487932
2857143
3528573
2785512
1683553
5435911
6498599
9995581
6106506
6608482
5351222
1515466
1066622
9878712
2993140
4624673
6034651
7698295
3313344
7968987
6820896
2866531
2374788
7315574
3553750
5390097
2587580
4087606
6842016
9487224
6164261
3304620
7110961
2544287
1923723
4600933
6885956
4572222
1049411
7593948
7761792
6409422
8362091
3208176
4510850
1995145
8320047
4172820
2366063
9242431
3566417
8147994
5230310
7125139
5124431
8806167
1235781
1564467
1635612
7362631
2206623
8555537
2926937
4419911
4549272
6322083
4549550
7727918
8432575
2968170
9137136
2581814
7642414
8549298
2883931
5444913
8630007
7112475
4667578
2630965
1248119
3742545
6407624
8173494
1045506
8469603
7554449
5672876
5966647
8034924
9822350
7653082
4678953
5607785
3862950
8232422
9524633
9147640
1352108
2456528
7705618
2809842
1941589
5580809
2938109
3442933
7265024
2522746
9731261
4630961
2240604
5765700
2946178
9224203
1455408
9937164
2327086
4669230
1033766
4078567
5738412
3393436
3791769
7291007
8938921
3448060
5688039
4620729
6175054
1349036
1206822
5342788
5888517
8264459
3118254
7234674
1506356
3729335
5673761
1157071
5655707
7215612
7997193
4811326
9463603
6203695
2222944
4885831
2100979
1241795
1720810
9597020
1215578
5372082
4974811
6158565
9459301
8297850
3103671
9945578
2593281
2969921
8283159
1491513
1798650
4530071
4119432
7654305
2188309
3613135
9070395
9105679
8063019
5272139
7230643
5088699
4712259
7063585
5338301
1239334
6195995
2787900
3169725
7372073
1329638
6502052
9244888
2202093
2199960
4159735
1596755
9882069
3234857
1636352
7869332
3388467
2192689
2144803
3583087
3392072
4693746
2576166
4672100
8352988
9111509
2280863
6710615
7641125
4004464
4370081
8028084
3386939
8562826
6277038
9758836
8276856
6207735
4022966
7608351
7401811
9118406
6116755
9666690
2979280
5132440
8504006
5772549
4811819
9223636
6876001
8827380
3851451
9166074
6931846
3113151
4814359
2027058
4137303
1094547
2953853
6537912
5706355
8211592
3075667
6861561
4861922
7515302
4059616
3715497
2647507
2416294
5171314
9227960
2376346
8857753
3133372
5492589
7193122
9172963
4909956
3069107
8724824
3371712
5534019
7776530
9330460
7914682
3417692
2969463
5455266
4340087
3998619
8598470
7634422
2828277
4508886
8316647
5032498
3383712
8172512
8068905
7714394
6206171
9746668
9323200
8872328
6400771
4228775
9939744
5141449
3349222
1094378
9697490
4635651
3228302
9370894
2600012
3986282
6562370
3472203
9210633
6983918
6305698
7072470
9733577
8170858
7476964
1675719
4995745
5876572
9825335
5265680
3361964
6060597
7833927
6553903
6396544
2171800
4800876
2223457
7415316
9552797
3026633
1964088
8735925
9020003
2154119
2029387
1530048
5051913
2950784
3103759
6369301
1822744
3594389
7228782
7456467
8504166
6464185
6861141
4093805
7059259
1744999
6826244
7495396
1746504
5181723
5317221
4394402
5802143
1618301
6402681
8344709
9539454
5987414
1343590
2784012
9673786
3916252
3907912
2665183
4068765
1832709
2076154
3746041
6010461
1848753
3493624
8888084
5382694
7461679
9492199
8338499
9095995
8868064
7192726
7602353
5433556
8200363
5896515
7311620
8722691
5974087
9752224
4134903
1835080
1230688
7431739
9774525
2699453
3822939
5278960
6886020
8338955
9822812
2954920
3464253
6317416
7696957
7593474
7696736
7883765
1602692
3203257
4823329
9090014
1159867
5711228
2164435
8405157
8474879
3132772
7409378
3433708
4922044
6308666
8324519
8984844
1960021
8554599
4295871
5822057
1910759
9569245
9848178
9315952
7930278
8639069
9442403
1549352
1070400
1212430
9156442
7572826
9680786
8827488
6255756
8143819
2878194
3991905
9818632
3876012
1694203
7585356
1697384
2086550
6333655
1918596
7549329
5120594
8472862
7432540
2795374
2752056
7188345
6233558
8264786
5010899
5381001
4359873
6800011
5424039
2231143
5798486
1863700
4725393
3158400
9460979
9118755
6530539
9871623
4708541
6516779
5948770
8801272
3341973
6836583
2529002
3004067
9920766
1008264
9305753
3855458
3166291
7213390
7854228
1640043
1365773
1944313
8728615
7546925
1770492
5082663
5841224
6213462
3548341
9302775
6549149
4891193
4272907
8326329
7010421
7143526
4340280
2696015
9149259
1274408
5240305
8288892
8242487
6125271
9919812
1288298
7874163
3446509
7126432
2601066
8298907
2566815
8717331
9236217
5419823
2019554
1737088
6513336
6747087
1345203
8427284
8098927
6259290
2255062
9665471
3965199
6126341
2476033
8986192
4777467
5717722
5037003
2195802
4546391
9407093
4186556
3946542
4929237
1396884
7964927
5255582
9989192
5594177
2008409
3950860
7270804
1804815
3451204
7898575
9365293
2901019
1737524
2647796
2119074
5331329
2949208
9655722
6010966
4280741
5835056
6041570
4614320
5126791
3033783
2784259
4772113
4378678
6083417
4592480
2683628
9322342
2033177
2723813
1726962
3488398
9771378
2549080
5322009
1633115
1682154
9638224
1929238
9636363
9923257
3348934
6435675
1056415
7554425
2485168
1446024
5597135
9831597
9193543
3806733
7080225
1754753
5888495
1719383
4214526
2742715
2813833
6817976
1470456
2339688
8413415
1064462
9652406
4814575
9791275
2770400
8098825
8753798
6457506
2521576
8382168
9860411
5396662
3941336
2319098
1865469
1310314
5995002
7541210
4868564
1158053
8219705
4742975
5323095
2250130
9506819
2138293
7712613
3250996
7414661
1629809
4293316
3435649
6403235
2554681
4399747
3185077
4815150
5123852
6149184
4554820
9840481
1191438
7962990
3718114
4647572
7298435
6602174
4359176
4467724
9889326
9996692
6065502
8206010
2241255
6604197
9324316
1956853
6914342
3519264
7893338
6612861
8680269
4553866
2141840
1613825
8566631
5348639
6404778
3737816
7803432
8039894
4425497
8844320
6678493
3812863
5906055
8604110
3009898
5209122
9671743
7824009
8553954
2884399
9239430
9792491
4713247
5428475
8051678
9028692
8459611
5686156
8142724
7584376
1748164
2711888
9513773
5055839
9445960
5536678
3641519
5366341
8103390
9522703
4709736
7292522
2367025
1440860
5636258
4723071
9563199
4832495
4803775
9338584
1854951
2325746
9403374
8558171
5495274
8101409
5737654
2708847
1242894
5811845
1963771
6352327
3838962
8560337
7906448
6914176
6708750
5432062
4200261
4412869
8262513
5747967
3599078
6195455
3905866
6027850
2682751
7585181
3260641
4110652
2564926
2828890
6731926
1723790
1254351
2189214
8295918
8031421
9940662
4633261
6764989
7772180
8751692
7162373
4223325
7719124
9113404
9862964
2226446
9988199
4444648
8596638
3880153
5741457
2510119
9927520
7572287
9449908
5439579
3780556
9583093
3037032
9894073
6758133
9096882
9973487
9835518
1378543
8055928
1172257
6221032
8999939
4840528
2506074
2935016
5839027
1573123
6235479
3058442
5236572
5331618
2136105
7841371
1089360
5513146
6235974
4430197
1959642
3384092
9788738
3265365
4927878
7920017
1601726
1977688
5515365
1924437
8046080
9588880
4983765
8340679
9596764
3113672
9445284
8636568
3798379
4984475
6546342
7932967
7871751
2345306
8165265
3958976
4623431
5047464
4370971
3262474
1395512
8442291
2884106
8786781
5655510
3083033
2603315
5606757
7957388
7635588
6077041
6842477
4646831
1701414
1516236
6800125
2465819
8793973
5607651
8336503
7522084
5572994
7035804
3619958
3984912
9110195
3533831
3660059
4847789
2866054
4300620
4317889
2371788
4807374
6444471
4457673
8230227
6695100
1459573
5445578
1853200
2303256
7479165
6479926
1984461
2845491
2741308
7791501
7314712
7433954
9777794
4682027
8166094
2540651
6979094
8795254
8033165
7566487
9154130
4705212
1659485
6450185
4618488
1409442
5444138
4030790
9573326
6610863
6747384
3932286
4360194
5671569
4542530
6339459
6723534
7374962
6080058
9475899
7053842
5073430
7639684
4606981
4222428
2625265
3642885
1230793
2969485
4982684
4240316
9823029
6686616
1752225
4220619
3026031
8104727
4262629
7096681
5469421
6610553
6802268
8633980
9274266
2611566
2515463
8811559
2914453
4618736
4527274
8739258
8393829
9261599
7647386
5565092
8950015
3357552
1369203
7022719
5947836
2143083
3836294
1230587
2860111
3807907
5871900
4800899
5205256
9139842
6806755
2025935
8744460
3849476
1877593
2444020
7884117
7848142
8091795
8684648
2915617
5804675
8908616
8295143
6949761
6026828
3614819
1053477
6205248
6311794
2130116
6679766
3451912
9651807
6354341
9049387
5977163
2793553
5761617
1205882
1401895
5079819
2030117
3337586
3690453
8498053
6725514
1039990
6908020
7182870
3157328
5671902
9781112
1484089
6807218
1340322
2308509
9506819
5051229
5349338
2510492
8729608
4875491
9033868
5137171
1326083
6614441
8340367
6740138
3406584
9898503
7615445
3343879
8028723
2883822
9533806
1211491
6044526
3168375
3707789
8966808
1436946
8326340
4086684
9198729
7071329
4939497
2440163
8832030
5530019
3104887
2718123
4638870
2211879
6799030
3353065
9562036
7712115
7597786
5491415
2449621
3509676
1608331
5436051
3835656
9918701
5699239
2505200
5984209
2666108
4025075
9457263
1323408
8789421
8897071
5415113
9511083
6017921
5928750
2350823
8031952
6757532
1928200
1401501
9290333
8602240
4187656
2157377
1091291
7406190
5290820
3489050
8300061
9685803
3960027
2962615
7684683
2208692
5166576
6982406
4503770
8489336
7047218
7209122
8885607
8564243
9694833
7395353
8070382
1079778
3828308
2076518
5423332
9502034
3111377
1898229
4792733
1525317
9964540
4307637
6656174
1554700
3476557
8247899
2051751
7822512
1884049
2185771
5953256
5620357
7139359
2101732
8578368
2898757
8221637
2388385
5826444
6482242
7410300
7682637
1301602
5353048
5714910
5120240
1041482
4790997
3765634
2585190
4773410
5452998
4775854
5222689
3194440
9272757
5136756
2058267
8073893
9412150
3801256
3237621
9695740
2731437
4780012
5600250
1049190
3085540
1473350
1874428
5603300
9367623
5076659
2599033
6378259
9390405
7275739
7625449
3697758
6665218
3051404
1587963
1290748
8664978
3443652
7008921
1796260
3179739
4699573
7697340
5421676
5941615
5440469
2850800
9085930
3772231
7351308
9583083
3815272
9095654
5082984
6718413
1338959
9345311
5814292
7809424
1029290
5417861
6350496
5884663
1935239
8156234
4068476
9404986
8550872
1729066
1369214
9737132
7369433
5814640
9674047
8626099
9000638
4517307
4748564
5786631
9199926
4099183
3466061
4114340
8933201
7451033
7528998
2500783
2761263
3914716
7140604
7032419
3091510
8078222
2274874
8125160
9079048
8303870
9285042
6766446
6392046
6329155
2257887
5722011
1287286
8657112
8813412
3448956
9824061
1207961
9185066
3523345
8131347
7969599
7319748
6074041
4750754
8915373
6936869
9590034
9691126
5366858
9123043
3227410
4269815
6087104
1040669
7377184
9495038
9000345
4413262
1601640
3409672
9682633
8362558
4272527
5409096
1517086
1558351
6226498
6015686
5213218
6259445
7488496
2023957
5076541
3867445
8258504
7904152
9446483
5149764
3993518
7075588
1418044
8369361
1467893
9305484
6464304
7809448
4274549
3783369
1127099
9429970
9400446
1720365
6340419
4537861
7003707
3978811
3015252
2904735
7664558
8852250
9806641
4457859
2049891
2961821
8949840
8545890
8587911
5661434
7149214
9324656
4500067
1364498
9826187
7753773
8419512
9120574
1555800
1220841
2977102
1997672
3281089
9241131
1977240
4174908
6179481
6907529
5649614
6139468
2446263
4485410
6182254
8076458
4747151
9812733
5921516
3018925
9303718
2163244
2130759
2197515
8769628
6264094
1137383
2105249
9810499
9421137
1979780
7382772
6477306
7541185
4689073
4010757
3547918
8753409
7508000
9897575
9942887
8886911
4938956
7479990
7433723
9625085
8353888
3692279
8256770
1516877
2398350
8205285
8153893
3684834
2787102
5960404
5772611
4773064
2756371
7643333
1257960
8828987
7663234
4081550
3119517
8003698
3480615
6230539
4121996
8614533
2038679
9213716
2522418
5752136
9176506
3363342
8521417
9644991
8615295
2798757
2792410
8708838
6567029
6955396
6766013
6256143
7095524
4036431
9065429
9320050
1321987
9318350
8046408
7099220
8406871
8432034
5855052
1750280
7142503
3005594
9103403
9233365
3953283
3399397
1976243
1132086
8336559
5855048
2265631
2507617
3096768
5624011
1058134
6369253
8838608
4659497
2526041
5069969
6726106
5405345
3862357
5519630
5239654
8797973
2406858
7262282
6495599
4270053
2772763
6869206
8913441
7856167
4843505
6166344
3944675
6006970
3964435
8965060
4989593
8208464
2049024
8760056
5826514
7202423
2680701
4220722
5296360
2722847
5344762
8308687
5118048
5290279
8420467
3186984
3950954
9504080
9578571
3179313
7569538
8198868
8121187
4732745
4417145
8720569
3507946
3104835
5767586
7492384
6273929
5037199
9659897
7024293
6699703
2198061
2017258
5427959
2708474
9680395
3428892
2401718
1408094
8095365
9420297
8768748
5296891
9713033
1443500
8616006
5221159
3876873
7805549
2568024
1224214
1199077
8912891
7534482
5653356
4284160
7684720
8154163
3364285
9631293
2276453
7556578
3100049
9221386
5079545
3046211
2925646
2883789
6876302
2353476
4127203
9893620
9341814
5815230
2483286
5748336
3952081
2855201
7122979
3113900
8643343
9901123
3881487
7681971
8563404
8511625
3978509
6929802
4534165
4433091
4582452
3948047
3972792
1199118
9989325
2387499
2375538
9675667
6095741
6000837
3765725
1683346
8325546
3737744
8968168
5126212
3091829
6694670
3731841
6505096
6086783
2798404
2550272
2267007
7220962
7911673
4644332
8621687
6891572
6136695
9874768
6523731
2432405
8089186
6361143
4395075
8495228
4619094
2423882
6750778
3790065
2781838
1992371
1512728
5406568
2209405
2934401
2252463
6886446
9015937
8474720
7793068
5097955
1160392
9229234
5600221
5093628
3524292
3797123
8972984
1852877
2713249
9213179
3823065
8071248
6693537
9168946
2724126
1900816
2414737
5647881
7268830
2437882
7348884
3105190
9381493
1351529
3455636
9425390
7290168
9566563
2677723
2142355
7383651
5619019
6798535
5603329
3098763
2160654
8803248
9991955
2043019
3147036
2810596
6262186
5485461
3736930
9500937
8280195
4492548
4718354
1611295
8711613
6356037
2244692
6343426
4584204
4897244
8941698
7384324
8114404
6211826
5668893
6341588
1950015
1791322
4237171
6678589
5962118
5586285
6463009
5996180
7143661
7053952
6151320
9311977
5888806
8358571
8322048
9043601
8018044
7008353
9064062
9348548
2622014
1406225
3711281
8184661
7489387
7579298
5077990
3340458
9021653
8482575
9897841
4017357
3235918
7982602
8729340
4056423
9434129
4436926
9860614
1888752
8282898
9194651
5431889
1134836
4973770
3333050
4224813
9301659
4973215
8883696
3991710
7698584
5264691
6058395
4107005
4424004
9042685
1251074
7548001
5000681
4425172
5848671
7478642
4105592
3033542
8958548
6278600
2183695
5366368
6371248
5482130
7464833
8078790
1463525
7642123
6478720
1542238
6695143
3529498
6807907
3689689
4562970
6391679
7215375
4126625
4010146
6870441
3563010
9761468
5992231
8586625
6457333
7636679
8307566
4236191
5923274
6914971
2526632
3538106
2098483
8000460
7710579
3962406
3095205
6794408
7547505
1745872
9145318
6794105
1831726
1895780
9648979
2552256
7248566
4992234
5221599
3925388
9198158
2054278
3537797
9294781
3846292
2061522
3563142
8760285
9297436
5508035
1097197
7979568
8796927
6796679
9200094
6598514
4531815
3251466
7169049
2320260
7379344
6200107
3117231
3949390
5619746
4044420
3191734
9501662
2386160
1073534
8192336
2987126
4762849
2795952
8059543
3689293
4266112
1001114
4745041
9896608
3393098
9655981
3290071
5895847
7107611
8869890
1163583
1977844
8156636
1512871
1725218
1186023
2719424
7464985
1392539
9618675
3604155
7195715
1242199
5146849
2988338
2999054
1703747
8519537
6575306
3515096
5188108
2682573
9006952
2829550
2762171
5690791
3184317
7186161
3030057
8239710
8938673
5173738
3753223
9019936
3893162
2990872
9655195
1092112
5347425
3031308
5731398
3048611
8036186
7479720
6007815
6075327
1632211
5988548
2978746
9638089
4808626
2996797
4740225
5634250
5599965
3019032
7005956
8948552
4838393
7118468
7412614
3634248
2618187
8712596
4667641
8792241
6534702
3914534
2587690
3538768
4633943
5538015
4342646
9680461
8184262
3765572
6680643
8384222
3514582
7558456
5626097
4255346
2148716
7383414
9833080
1403613
2814369
9137775
4506300
9868787
4637592
5561916
7568943
1109855
9963752
1059111
3882916
3701193
5048386
4499795
7537150
5719095
2098057
6994911
1452883
1343892
2305589
6243720
8210314
2076912
7007620
7765326
6884014
1981953
6222626
3588819
9285037
3022532
3043093
3104194
4960668
6679387
7761964
4068412
6459465
1711174
2572532
9646673
9159311
8301287
8469809
3421229
8348037
6681569
7356478
7763001
4493853
6686695
1556419
9390591
2666027
4943974
2109175
9826166
5967510
8190121
8213934
9854043
1861580
6526684
2800112
6707799
2277955
2263016
7845757
9720029
3741750
8482665
5183530
2423890
9812771
3996424
9478423
7120827
4323257
9660010
4580951
3070438
1919355
7773489
5727045
2764783
9635113
6616411
7166575
4470783
4192563
2613821
7271689
7627113
7377534
1399715
3431297
2179371
7602101
8008445
5447553
3209470
5707471
1587833
4444127
1134364
7617514
6191355
7895520
2415826
6333170
3103435
2762595
8993305
9277624
5009767
8368433
7914158
1398577
8615528
1796846
6899939
1432314
9704285
8736802
1785294
6611453
6262534
2719502
7203850
1469598
9490151
1607983
6991024
6632072
5655987
8598914
9831658
5668061
2613219
9087533
6377700
1526329
5297002
4957243
3195637
9052183
3599946
1525248
3007149
9143629
2359653
2231897
6789371
2311892
5866570
8570700
1388180
2812168
6546929
6315944
7051172
6944975
3132092
5556440
8438171
7912736
9097231
9032403
9311502
3816496
9812297
4903885
3779992
9195972
1951587
3663319
6831320
2955091
3560046
9581822
9867339
3531509
9741588
6679390
2065676
2200709
2998534
2760365
7197056
7952506
6386790
6132013
6729234
7599542
7563984
9412076
5174471
5317644
1729183
5366360
5087080
1311191
3310642
3910393
4247211
4200259
9454268
6604581
3108223
2768828
8034663
2927819
7198573
9109760
6813041
2734621
8834232
2630624
7556530
3108226
9551130
9518563
2800579
9426297
6146148
7288804
2169167
8454076
7474927
9411491
9493409
1775985
7643945
6574696
2830537
7266078
4488042
4692620
6141121
9269120
1510568
2256110
2457824
8122824
9190825
5852317
4337516
7596819
1360363
5561035
4478829
1640660
4096975
1192382
8950881
2749762
3339249
4612380
5144475
6640173
8242214
3224792
5028451
7966216
4808719
9955941
7384852
3514350
3064708
2082316
9407357
2532447
5172520
3268539
8447162
1252720
1258817
3328389
8268507
3126822
3153436
4720208
8372103
3765278
2290642
6832478
3840154
9012973
5080075
4709878
2487405
4107415
9398563
7764513
1635074
8007656
8412343
4830546
7398827
9713836
9599836
4079011
2296147
5919606
8146687
4883851
9711902
1550394
1260604
7629064
7979979
6778630
7925214
2285584
1366955
9626365
5375895
1898272
6747546
1444269
8185818
1494312
7430703
2533424
4915892
6917706
8086675
3156643
9985386
8895350
4309849
8805448
2523486
1672744
2300252
9508718
5440436
2285717
7158586
8672085
1918646
6458256
9059655
5492557
7303035
9926532
2035211
5776034
5155700
7629539
2119012
8493696
6850841
2734552
2893255
5766168
7570541
8265319
1641382
9343437
2356553
1542199
7276897
3779272
6891244
2991438
4379170
2028664
3673835
9883901
6319092
7865162
8411963
2302158
1500883
7190116
8484994
6129187
4067026
1288414
9249322
6283561
8959947
5105431
4341111
9336897
3554415
2671808
5153458
8587996
6065315
3392210
4881233
3566152
1223316
3422671
5825232
4561758
1812917
6115696
2576299
2279343
2761893
6657927
6992572
9776305
7096964
7945617
6740670
4226343
4806681
9473175
5857360
9066926
3206980
6176012
4883635
9380311
4084994
4618269
1207317
8767902
4419130
5368361
1360754
3885056
3338700
3537884
4241894
6416147
1239867
7336241
9732230
8857277
2753733
4232741
1042387
8891391
6199565
9902971
1956763
5658178
9896960
1600268
2353983
9731234
1002520
8897576
7939342
4943481
5604378
6029049
9577865
6476481
2482950
6815776
6290881
2056919
5635219
8180455
5594141
6661321
1117854
7567554
1290881
4372548
3557090
6841692
3361995
5911240
9180371
5010152
7864381
9565690
2513011
7431444
9380945
7486204
9071434
8273550
7249079
6863675
3525721
7303163
4207661
2840114
2226701
3496566
3663023
8550459
2117103
4591251
5699053
1080889
1235291
6021091
2063702
6709183
5730528
6257375
8295790
3101715
8595267
8589434
8444929
7192719
3281063
8631232
2286317
4718398
3429548
9939343
6951459
8073840
2251747
5966022
4457161
2082063
3744234
5568134
1358911
5600675
2772142
2088905
8607856
4004691
8134501
9703142
5869481
5832543
9527671
9883440
2215082
3761689
1363542
9444152
1906053
2888138
8482070
5157970
2181882
3606197
8488131
8649205
7683330
6060916
9813893
1814440
6704652
3778971
5317565
1377130
8504948
4116471
9314958
3576002
7519928
3678301
7723402
7735727
4852514
3111493
3345046
8510658
3643908
5235035
5859945
3548588
3186276
7810174
2135996
4308643
9552169
5331840
4828097
5810503
2393927
4084967
9948463
8511963
8482282
8057285
9809711
7662903
8515454
5463572
5567432
9663030
4489299
7843762
4503778
6259428
9229396
9433499
3345029
8181128
6597855
6386205
3176262
7913111
1129283
2471525
1606192
7426525
7555464
2835431
7189914
2668559
2721110
9343425
2160562
1583853
4400026
8232133
4574156
4611672
8183865
8921771
9494828
5444177
9979426
5064275
9668076
4286689
5474285
1779730
6318709
2747098
7638823
1142740
8961969
3665876
8067551
3640003
5908574
5125186
6200725
3941954
9031303
2762121
9150317
4787756
4642138
2669948
1034214
4370932
5626265
4731908
1871590
6904299
6694969
7537554
6225634
9432228
5545172
2756872
7959311
7206065
3141363
9224831
5742083
8820606
6609156
3797879
9148405
8276252
2293083
8709418
8107512
5698405
3274277
7556676
7601902
5555375
1999242
9223775
6688100
9508432
3813199
1861103
5623850
3365699
8042022
5834726
6778381
8780727
3978931
5702854
5393273
5056473
7002325
8496042
2984020
9109469
7087171
3496577
9907836
7800546
9748855
3593274
8007314
9730880
4173393
9673756
3536923
8392222
7669239
2764211
6375225
6041851
3185682
2348451
8660232
4371544
6277804
1584835
6057993
6448942
5112539
7459889
6308671
6548630
4474874
7098024
5611877
6327377
6364468
5796818
3932957
8105298
2957063
6436218
3282556
6505381
7798359
5802240
7607826
7848238
9109487
5763478
8025156
3815970
3363805
8105510
9526799
6941400
2952562
9045730
3099669
4972876
9327787
8258990
2529894
3817792
9958216
4350258
4667638
8245785
8280945
2347314
4982079
1072091
2055550
4185584
9631977
4324612
2737127
2833194
2056609
5163692
3232766
1068786
8387691
2802897
1680623
4584101
6237413
9407917
2253092
6151941
3297027
6881177
7079949
1271314
3714816
7993525
4434841
9498331
5398392
4380520
4174857
1883566
6997644
9654244
7842931
1779771
2409441
1479679
4305888
2125427
8208015
9977711
9857807
2654245
2765102
2536127
1218744
1464773
4361283
8290663
9787160
6292206
8024450
1017493
5623629
1071958
7130171
3897043
9713340
1433510
1774961
7298082
4123596
8664850
4102727
6953222
5140734
7673191
4976153
2089342
3110330
3538586
7129916
1795865
3426546
1519752
3011222
5907725
3981855
6022678
3227291
8290959
6203922
5086313
7619395
3575778
1186095
8437692
7928869
6521023
7665252
8355132
4720558
3810868
1251341
1815933
6373945
1529600
5055592
5317995
5247158
8046105
7642465
3656153
1862397
5504549
5022114
1479497
7682693
8342450
5721097
7301635
9581979
4191219
6439502
7361538
9830062
3023198
9106980
4385245
3403707
9035332
6177553
1341879
9528401
5420721
7551584
6513388
8474000
9286110
4296893
7653202
4913932
6127187
2942630
7112728
9888578
1207452
8896564
2410747
2805674
9661225
7075429
2914605
9824717
8949299
9628105
8066427
9608992
9715346
7021326
3380275
5663154
3855544
1252802
1151572
8221844
4853191
2377654
1139883
3281731
5292063
1464690
7881199
4768350
5140766
5443718
4372435
2276360
2783629
8786579
9087607
8421086
5659821
9503624
7043462
6257215
1018665
2468554
8665020
7214510
9886459
8272275
2399633
7137474
7057981
1256042
1219916
8992999
5468025
1840617
1313012
8925647
5700044
6080129
3354805
8778969
6491829
7696223
3037864
5590715
7685300
5237549
2523229
6858812
8386085
6299664
3877463
6991378
8497154
8591519
5020988
2428632
9552655
7530024
9827849
5255755
7557255
9943646
4451616
1515534
9671310
7868648
6164263
3369350
5115670
6389154
8250743
2560644
8252817
1016460
2181396
7691451
7413843
8951492
8415307
1162357
5221754
2521992
9701112
1591023
5308005
4580300
9693885
1932135
1504471
4580250
1548606
2349223
5690876
4369022
6688516
6960278
9033077
4822045
5749856
8406067
2712094
2598692
6829653
6312327
5575831
8526710
8245694
8801444
4740819
9131283
6076504
9380009
5826562
4739054
2579045
1442644
2717087
3838885
6439606
8958873
2484763
5639839
6294833
2062618
5260609
6581855
9352330
6575702
4909488
5673729
6810308
1306261
4871221
4814328
1582195
1574483
4714397
9126742
6488489
9764263
4228513
6864471
6688177
1112598
4781796
5126675
6137833
6880172
1401379
2784815
3744760
9291118
9934921
4055380
7076197
7587121
2802659
8612064
2953684
8019550
6690783
8389498
6989756
3111339
4214075
1637825
7516069
2076659
8253498
6095638
1181565
9244201
1426263
8579172
9711295
2267161
4985006
6636743
3245487
8584363
8767323
7554183
2354133
3123448
8264462
9756444
6847384
3487534
2060444
3462936
8163517
6775042
2411300
2416119
4539202
1947140
1934063
5920044
1444353
3218688
9783751
9881725
8774325
3151132
4652364
7514777
8058055
2713874
2840481
4091330
6120276
6249344
7247481
3937969
7535798
8919527
8919322
9165321
3022540
4912156
7330655
2664815
1339343
7402640
6254072
5041938
8633006
5839433
3330010
8420563
7628766
1288333
6469003
5077601
9128977
9710483
9079255
7787656
7332127
9737836
2691438
2385707
1112940
8137612
6073730
2852045
4252510
5099116
5338324
2571681
8528397
3450875
8493139
2428119
2161403
1645700
7300309
6823519
2788368
6759321
4540471
3437018
8898087
8117806
4074337
5696848
8392474
6503837
5848263
7144451
2222741
5991355
5714634
3814881
5647068
4629237
8936861
2290833
2360117
2105234
6596227
6080716
7673462
4999862
4488323
8974057
1284733
6890504
3817300
9913305
4010162
2706798
9882029
5940449
1219428
5491526
3210461
6772550
7858604
6046418
4495756
4045201
6860025
6701952
2417337
6070023
4235781
5627301
5684941
4965545
1671935
9926215
1831448
2593622
4353867
1215141
5518171
8671030
1848326
3379210
7694966
3088236
2696596
3206943
7123657
4096394
1832782
6928749
9353533
2285229
5398898
7614145
3828061
2353565
1180132
1843768
9919348
6090741
9331405
3807318
4419308
3450306
6641939
6618900
3639483
2725246
8858534
9757760
8214113
2715773
6331137
2625486
4258176
5933474
4766219
1775148
9979719
2919857
7822181
2897162
4661528
8378171
4548085
5067952
3578198
9049742
8801847
7677809
1336003
5109365
1230383
7486142
7955595
3656054
5470819
6973724
1460129
4583292
6903675
7115611
3745403
7881769
8782078
6157858
7549517
1368872
5766380
1787718
4411685
9372417
3249869
4684527
2384104
4031242
8528503
9619743
9698008
8989637
5957083
7298255
6316897
2439323
7926347
8837190
4779312
4167505
3788079
3371741
6984107
1489892
2174973
7051978
7517213
9258402
6963504
5739380
7191164
6778884
2076892
4769965
9626437
4895453
8803446
1710602
1759014
9758812
4187445
3374172
9587519
6503417
7419965
5254628
2536129
4468573
8884490
3387135
7129792
9258312
1931414
8116389
5467429
1205912
5112130
3632180
7221560
8653880
4053638
6224845
4191531
7648919
7000696
5912253
4872984
5898931
5086643
4668905
2405102
8259194
7679226
7839043
5855000
6726314
2779594
2294557
9935931
3624798
5252570
9783309
1631166
4780451
9849603
4249781
2798772
3390812
6683600
7658161
4740678
8072081
2028119
8772370
9975462
9251660
3527449
2934378
9647090
1107236
7494447
1420185
3835501
4231113
3334478
2857524
1716844
5491356
9689188
9515799
5694014
8871883
7921659
9442592
2572685
5304759
1900696
4372641
7674232
7174117
9359718
7652096
3020228
3229370
5774552
4624854
7825260
5474608
1448280
4762458
1471210
8768499
3444366
8520732
9316526
7285267
1581672
6662935
8448964
4861794
2056189
2899300
2085275
6498825
9586834
4142624
5784739
5855886
5081541
7625201
6696945
7818220
8792390
5624930
7740205
2744695
2215875
4673787
9679655
3645414
7640182
1804487
1837836
5118343
7485067
8421921
4352527
5921796
6526493
7875314
3649970
2711469
8895168
8094719
8697299
5480285
4283779
5054833
2901315
4883681
2116466
6731928
5315585
3607090
9446376
6450430
3305214
5848639
3571210
1762986
8449529
4330384
3506116
1940495
8608224
7610503
7279228
9412047
4541287
2542304
6044921
3927162
5925664
7563906
5986922
5504113
9506872
4923047
2954538
7803622
9867587
3752691
4447309
5270182
7809632
7625945
3811958
3212279
3745969
9481300
9127176
7382353
2022488
2408547
7091009
5762387
9202732
1231345
8955249
1262510
1549868
1053069
7365062
5737292
2730969
5232256
1688111
1989044
7412673
7892026
9700530
2622339
7588433
7186922
7071149
4211500
8944554
1808552
1816801
7489374
3340222
4339190
5463152
2323359
9924582
6694106
6797215
3734169
3536926
3968438
5481654
4322044
7840448
3724412
4164279
5042271
6462471
1902203
9982796
7644798
1456119
6478743
2664524
3709014
5637298
8989139
7642735
8610621
1578950
9503944
1649345
5846158
8527984
5012925
1929275
9624558
9585156
1590724
7400000
2156865
9101180
4494835
6562262
7575217
6011930
9606861
3700081
6568593
2806118
4282119
2078416
4442059
7401017
8520044
4801192
6711112
2700972
4015606
5150575
9729566
3784660
7545321
6793572
4542862
1871641
5255760
1658368
9588537
5895150
1010772
6565937
6224736
4956370
8880839
5106660
5741485
3287019
8642792
6554232
7824950
5268058
4609341
1021067
3546633
1566172
5304242
2612870
5893111
8043347
9692981
3515933
9249867
2719418
1992542
1588860
4049007
2778044
9789863
5154679
7623076
4458668
5885736
9836482
5172606
1701267
8615549
9925156
7710587
3981437
3496456
1405095
2091496
9258619
6137455
9555985
5170098
8229278
5198958
6876307
3210327
9198758
1238771
7359922
5240491
7672170
1245463
8152161
2020402
2050610
7058022
6740785
8025694
3221156
9488556
1659143
6848580
8606944
1906785
6101779
8269917
1196813
1757505
9983044
4313378
6313296
2874080
9726984
6493314
6319598
1545574
9366163
3428668
2081576
8711188
9795061
8333792
1196977
2639946
7361324
8753316
6709664
2216222
4550925
6339164
4389158
2904866
7976785
9693465
1466982
2652644
5710071
2998650
3134801
7423436
1628951
1349732
2302360
9092273
6674676
4507745
9841963
5786487
4120145
9198177
6583327
8320416
4752493
3059581
1301315
3324847
1321350
3381356
8879623
2586892
5756699
4310970
4139843
6336503
2758441
4218408
5712459
4942138
6097873
5119697
9063843
9556823
7349248
8050815
6463067
2868831
5683894
1345961
5832752
5775042
3944141
2141635
8041656
6807057
6446994
4498544
2083905
4197086
2933675
7336910
4024915
7436097
9446586
5793151
7562892
6879796
9216747
2141986
9119881
9783261
9131102
8655357
4758891
8860655
1155859
4754941
1726350
8099340
7354646
5182751
5569857
4225016
6421534
5771555
7508853
1738053
5545722
1151081
7157958
2176229
8273944
5844996
3442549
3716282
9869690
3598860
8547149
3322731
9979113
6223823
8477788
2346474
9273863
5720995
3329301
5335465
7706989
3994082
1776123
2615652
9846200
4501426
2504352
3707511
9054053
8664464
2800842
4832409
7862368
4303814
2967741
5701169
4401251
4703602
4585107
8758363
9356566
7202380
9918050
2540929
5864484
9596127
5617756
2153626
8399180
1239780
9047311
1074080
2518690
9920390
4120121
7299159
4813195
1921876
3823222
3857865
2392557
2253596
5270209
8484816
1385261
5145611
4739924
5561495
2239447
2611944
4914937
9874774
7087632
9334187
1375748
9294834
6448316
6805806
7108802
4444174
8037687
2010523
9131211
8622110
4274327
3791970
5066997
6946092
2231520
8014062
7963661
8412142
8543295
9350230
3487152
9925640
2182999
5488789
5218592
7317299
6219299
8037774
6476527
6431383
7864551
1455222
5117455
8454768
5369832
5322831
3765867
9131614
6603795
9997213
9240489
2881650
3722538
2884880
6576338
2029714
4716961
3298282
1759482
1970942
5351437
9467293
7243533
4698010
3486853
1726197
3144022
9224868
5099031
6820336
4473173
8222527
8331462
1459539
4689447
2970357
9732243
5990696
8455214
1184169
4919474
5302574
8121411
1981805
2400064
7818960
1745019
6012103
4750237
1588670
8764389
7826857
2721656
7241667
3883507
8749523
6164317
9372857
7535017
1376152
8289443
6053044
9684162
2335478
2317873
9159339
8350027
1244882
6647246
7701095
4326779
6489436
5916834
5690978
7086287
1818261
3929323
1971340
6921126
4488951
5169992
3738681
3935221
4331575
9784892
1308037
3443572
1364123
5383127
4107893
9708418
9634431
7479681
3708309
5435101
6672918
6206727
7516014
9947915
1986764
7178471
4475148
8941986
8265363
9792218
4227909
9526248
2262085
7727634
1999375
4480659
2747585
5635156
2630768
8902426
8274437
1576241
6137470
3789876
7762468
5079761
7834746
9557294
1646388
5511596
8705492
7320398
3358000
6298049
5349832
4072199
6410094
7092933
8494166
3041951
2536643
2192904
5057227
5216786
8282520
6829810
4357148
4355353
3773262
7517901
8942237
5903473
8707290
3738607
4037717
4421087
2320278
1466128
7672520
2378900
3920501
9544306
2883815
6970439
7885473
2026319
6424926
5560664
6936198
3398195
3108711
5082707
8970431
3062629
5610130
5138419
7694814
1275961
2860605
4650726
4058444
6004989
1739054
1009101
1165300
9794328
6933370
1095682
6542350
9873607
2656560
6654882
2737494
3596464
4027477
5824516
2221341
9980718
5800175
9534968
7870210
4136244
2533735
2765260
1458747
9078893
2703335
5406061
5229347
8068810
9763331
1822622
6792259
7331978
4734159
5812625
3127601
2565881
1422744
6640056
2468861
9875456
4906517
6046202
7913535
8043053
3491519
4526540
5101855
2727457
6030682
9526722
8067781
2002039
6023235
1435794
4305471
7602971
4273972
5734343
1821293
6171617
5944672
9463590
3812667
3577600
7849262
7840534
4702983
2316832
1963724
7010746
4426007
8290982
8990556
7322676
3942328
2782888
4824726
6679507
8364537
2109488
2513233
8920468
8744250
3111276
6957082
6159468
2013289
4542023
2549929
8767418
7460516
4976021
7896485
5971428
5441464
2024598
4215142
5054222
9888748
9671778
4769331
5981292
9209033
6814992
6523678
2338956
4015637
6997724
7482735
4489293
5979560
2829535
4890112
6625255
7756498
3957729
9689760
3738310
4386435
8499986
5386876
2483949
9916305
5253610
1203782
7070825
3225839
3370645
3284384
8041467
9635241
9273185
1008446
1581442
4031777
3589724
2514747
1159679
6610040
8463033
3007140
2015036
2226029
7854376
3563606
6418323
6626154
9598002
6397114
2258200
7220628
7844568
9670892
5576399
3479727
8469403
9977759
4279046
9286900
4849293
1493527
1360774
1066366
1722708
3351617
5224869
1325721
3310002
6821675
8730666
2129967
6005886
4066594
5430683
5272067
1937907
3976659
4746519
8727082
7433729
7488820
6529618
6623756
8717312
2410410
9307675
6534915
6638288
5732430
8744302
4951310
6004767
2876568
7551698
9935917
3581769
7295985
9215962
2577203
7140631
4033933
2945316
6396498
1277469
1323641
4463894
6608802
5803396
6165631
7069472
4551705
5852353
9979718
7017202
6747300
5963678
3744833
7895395
2002699
3220667
5798851
9589036
4704610
2209340
2596331
4609404
6329306
5100911
6873991
3948065
9779380
7477408
7149238
1471328
8021356
3726484
1131495
2909718
4746303
3225559
4667768
6537830
9876066
3127437
3349613
9954107
2384325
3835427
1207517
8920125
7360067
9779465
1133375
7544293
6370287
2197067
8265815
2355810
4784484
6175292
1232265
4966383
2817515
3701441
9804904
1646043
8645495
3621439
2132541
4972406
9223412
7685740
1658099
5881093
5069470
7712257
7521450
1731401
9972984
9130753
4016472
5131052
9288442
4133161
8613726
4625381
8224807
9396280
5290971
4289467
2616787
2658097
2889050
6697646
5417215
4118722
7203247
6382893
7542385
7610931
1933782
5628557
2069591
3246712
2110691
8248284
3756098
3944403
1575397
6795084
4035437
2335915
5603644
6684006
4664979
8425714
3063935
1239287
2052196
4618914
2658735
6096722
6141491
4606829
8765651
9635001
9865615
9871066
5212241
9085691
1119421
9217172
7887390
3158784
9446647
3029259
7703971
4043882
8383174
9524113
6404431
1231558
2906231
1902466
2022036
5173662
3768000
2087127
7957349
9314609
1927918
2791612
8124360
8963186
3292192
5383991
9077521
7824781
2498946
7185341
8118140
5839144
6786537
6865930
7284773
2629402
4489865
5291274
1818336
8757009
9645347
3258371
7307138
8252193
4675808
4946807
2857020
8069283
1896182
4757593
5134936
3006527
8482254
6780289
5047324
1298751
2085622
9416284
8575330
9594630
3329844
8194379
9866012
2759701
3633251
5497865
1127914
7869523
7668447
6468781
3115551
1043763
9157277
7251018
6443867
7824716
7964110
2916241
6329213
6367458
6857499
1490739
6767179
8863766
5064695
8837140
8079389
2107137
1850349
8856060
6783520
7289779
8127906
1146592
7696851
6244774
6995014
9277311
6296109
6018582
4177181
2377142
9492757
5483552
5674069
1776029
8451802
2110653
1950578
3627545
3258262
5280214
9688176
4662481
4385041
5695483
8959537
6541759
7973532
4607909
6896531
2182032
9774018
2575523
9955688
4456905
9446288
4140411
7654822
6253066
3153945
6399727
6760876
3405578
4997263
8907567
4004382
9646596
3884160
8422969
8101554
4319099
1535405
4956528
3895848
4901514
4443956
1452422
5024465
8066076
4098366
5780100
1831180
2121113
2863653
8149939
9144638
6681008
4268815
2815447
7690270
2851519
4079046
5202202
1670268
8041200
6200985
1592436
4102577
4469406
1867760
8394565
2338791
5662431
5334003
2597134
9110745
1094065
4599896
9517454
1669703
1662802
2290181
7670972
7752840
5818410
6827063
5481372
3809905
5262830
5078505
8804591
8389613
1269311
3700549
3493721
3410728
3014970
6155427
4975659
2229147
4354883
7850006
9323603
3091906
4460452
7179113
1740085
1045878
5378372
9388207
1143514
4426395
2310146
5193240
1968504
8243709
8988346
6131068
8534669
1905024
6743534
7025093
4966899
7986021
8969328
9635561
2568006
4434658
8605425
2343006
3125782
3283477
8366296
5660160
9530419
9088843
2654154
5923705
4557221
4808484
9417376
4853731
2244705
9296307
7815423
8503423
4584074
8731866
5444500
7955922
1214026
8199596
1277393
5938813
3093224
7288692
9968585
1671578
1714896
9879457
6775540
8420268
4289826
1395401
4040803
6935340
9014669
3642154
3079010
8246066
3499898
8052171
8660944
9779962
7734565
4365005
4263947
3967813
1431002
9757997
5984222
8576853
8965967
5142310
9499028
5887567
2797310
9530403
2008616
3636057
4105978
7280953
7701630
7680687
9814107
7824863
6237945
8187518
6196951
2866756
6756921
7625516
5527419
4565403
8517487
6267310
1484966
7367715
7799774
1792656
5621694
2776655
7775810
7688228
7515024
4625143
2822498
1296832
4608870
4632429
3617339
5762862
3661467
5058445
6722862
6984051
4476851
7438752
6457106
2605461
3505007
8607870
6524913
3119687
3043575
2635721
9147627
9760265
6370482
3837322
2239019
9969437
9795267
8263172
9578356
6453090
5617090
3776926
8073293
4219456
5335499
4528279
4759045
6070293
3342507
8102756
3749036
3235678
