92996086
16468441
97513682
62603351
93576265
68428610
32189160
99038442
26915300
50556239
83297986
47259589
34460584
68543275
39233708
45054376
83178924
58601349
80575456
73957697
59889009
73262508
66885421
56081692
25519212
81786235
27416010
63988076
61997118
93784522
77093838
38016756
93186278
96539552
62620053
57977537
38848352
79067226
54988025
86741121
56790166
15411976
26856516
96209770
94286930
46238874
58958034
94631064
21508345
61808906
30641111
35534517
40139951
41988389
16366123
27809740
37144650
71455379
47053566
91307258
84436044
44290594
27412025
61743613
86977620
57403052
61940244
93224930
30627697
87243898
10478675
15441699
80966754
66449422
98060991
25047908
36607973
15157414
49286694
28648850
86668111
63398939
44372304
76643890
19066969
25356107
11651211
44964339
55384428
78812132
43030732
66575616
80420169
97204298
43938914
50552208
88686252
77040449
59316362
36247864
98257213
89324840
90630737
70428317
81867805
61725623
67272587
77589000
93235350
49255092
60250120
58800341
62061663
19468469
44820024
15972833
86901893
23234710
17044634
76644449
29670735
32551925
64989764
46089317
46892492
90457317
99771125
76456354
31725987
79593103
39334038
10022420
79943538
33507848
68901909
56295694
96368440
79403106
17148540
37340750
12953141
82489690
27250883
23805513
85894108
11236349
56717224
50996902
22873250
34755314
64080032
56244781
98374156
19920043
58717783
95996440
21439298
65196885
72591149
96350345
22886575
86811904
64489733
43362553
48979352
58993428
94454329
38689752
44823410
28365935
86846654
32389993
21630852
63212047
73396220
47774826
95318619
29265374
43266943
20460925
48920526
28576621
90884245
94304245
90538357
76344151
21675157
93313908
29722572
33934018
36866271
79222220
37584509
18476563
86264563
98441850
83096755
37918216
58363738
13866990
63627840
56161144
12882079
33391019
55879742
56434371
24003815
23204479
86631938
56225435
45203355
55603285
38255988
96431963
36126303
96741265
14909529
34382865
89216695
75406235
14901949
92962316
44114502
70813153
50207933
53645713
35992078
68733019
55187303
61679685
43741710
12631225
68423846
46599229
38282036
58185085
83700442
50884510
66386123
24960568
74205051
68074190
69778864
92397634
45925803
24142590
47412520
11145989
26575190
34592297
90974581
77334179
17154657
84235031
17188238
14369397
45996800
60133182
44774466
93280591
36346206
69278434
91484906
44527591
40272966
96700865
91222772
55315003
61822887
56697864
84899599
21345000
99448647
86905449
35922305
79068714
89783734
17789892
33006717
30405727
98377564
89541251
78720853
11387343
39004099
16378475
49123068
57673220
77392267
95405006
87877620
91383181
35275313
18092016
87454300
53401484
48012608
60264059
86708109
33205333
45809489
57104158
10074482
19076094
98350499
58377821
72523269
95218724
16908127
91786317
44582093
64560944
79393321
80995600
47750725
37882117
36564092
75840327
44250859
90665866
82681452
24786823
30730586
86662180
73658460
93594073
15813134
55194002
19812096
79279625
47538026
87414083
95903877
69812983
27894684
90148680
79553346
38397918
34273433
40397480
54762422
46462534
66276278
92342642
62499787
88561437
13906839
34696332
88436439
23412620
45869474
56931144
47594214
58235319
48165019
35946642
22085397
30143371
10599789
27910547
21025402
61129122
82067639
13749390
30610437
34000220
33939014
57404224
78023460
82866644
95348378
72473825
13717354
41912454
73052747
70980913
89864302
23812101
88249837
79185478
30863996
80906496
30069802
77712344
95931757
31138057
93859081
14267848
41494364
45715602
87925898
60492490
35397246
64427722
65002425
18474206
47109192
42807604
26696490
20605211
24583680
62743795
53227957
87691808
30312941
96599203
34518717
49368592
27731079
81138811
45366624
38283397
61945369
11483106
27050293
52098777
26720412
11140644
70524405
88160358
41657989
68127365
89615704
21960911
52500539
59087771
61104326
28974450
65911899
56744628
30064480
30161929
42807291
37198624
94659152
63161529
90067760
54362902
54155816
59991300
13188609
10929486
84078079
46013870
93021690
76293375
39650358
32958498
17333575
51732287
83817118
62163375
97237821
77981393
79885344
79193134
97692821
72261305
25276534
87710050
59038019
43877888
12606848
42468069
49318568
60158929
30684620
98553503
74824597
46641555
85295657
88285631
57591862
62781494
95551958
75971305
20898947
56655922
38015632
66132386
90218147
15209518
47979789
82470142
96992983
65515057
96091193
48333855
79431695
77571893
10943479
94810096
54799023
70901145
91901541
70722655
30826367
14324336
40951623
54386259
44493369
92138155
12476987
43426638
98709048
59735654
56466280
45900846
12898470
64073891
18883670
46398277
99420587
73321869
20933724
29635983
12713938
14988263
71174443
11458500
93234064
90207195
60363865
42225305
85680166
57670657
37219834
72077019
44056082
15680253
84203242
59477366
72184371
43765062
93990917
54423850
34405544
53633423
80042040
46281641
63858291
94973427
22435312
84955332
18920601
20692077
63817388
79092407
21246198
40655583
91388049
20345220
59518279
84608610
15140797
13312232
44606562
59123223
50275824
55320893
14917216
90139550
61152406
14456013
15609684
67005349
22931330
32595531
21552002
84245087
27216941
65737500
95269926
85905007
14948815
95331615
26096431
95242423
78017128
64837241
90348238
71959624
58658471
62067438
48687754
54196813
95112952
39318606
75841494
50549036
93564564
65929790
35672992
93456183
44358671
53627399
75129052
65776846
86658045
31329312
31309081
84315023
51840364
12299042
88173389
28465534
55646547
76937344
18705524
97796596
85227551
35998975
60318571
16229734
50963371
77795309
69374168
81309186
84802397
94268075
38215225
79386791
13681901
70671616
53210699
37117480
79308093
43089024
53619835
51335545
28267879
50922204
98480512
40086518
32404131
72914713
36786967
67223474
37465473
68785316
37726614
18940433
26762065
90749941
68521494
35525625
53953013
25843600
95726712
51032724
65434044
10180243
19546996
17528794
46830855
21744924
75386246
26993135
32583837
25315440
87435650
12729029
29137418
72287390
50398696
45413394
43120927
31305858
48330972
27213430
49370650
61619352
58189984
47118566
74375731
39770916
70908124
33441392
36314397
71551109
74755678
14140328
40302076
50458461
29975777
55617458
91494049
15432792
21844128
85505859
62941678
67574114
73079045
30994635
15307513
42948399
53286744
37727183
48411409
18459832
46755437
88345645
89931910
11294069
87220539
47622274
88910446
78508859
84040778
40559443
46641184
31962285
23134273
17605241
91649157
91715857
61446881
51568579
98654308
80259725
67015092
11224455
49155718
53510679
16286984
39162411
74816318
45429158
18172873
19159790
72812351
62453598
92519956
60900296
57443938
29328361
67559707
57780558
19381489
72873249
85405853
39642478
66017467
96791209
62807947
14567544
23592001
55525509
87265076
92857791
86412597
58473340
23531778
86921252
40822377
88315739
29408368
37893450
15478402
78172448
48774794
93456513
37229844
69428211
93467292
36881966
10755960
58262063
83485333
53144915
89346574
80260238
51439412
58067448
87088450
22175218
33688255
16617531
30565683
72865494
33486196
89095991
77950755
97345123
35586876
16790616
45896212
10809011
96417341
97720034
86212332
41340985
98489011
99579937
74645569
42468868
51696161
61176996
31765783
15883232
13741814
44793138
46787948
95198575
95843668
86737823
88822221
76111847
69263588
31648125
75002341
10098641
38890000
39126942
70344246
20375100
93820646
95082458
78785844
34272643
42821367
63926778
13952665
88621504
44898549
37021244
12564361
30119530
51288081
99674360
93245857
49959889
73189622
16382316
28692640
87957198
27596175
63820571
45331865
90638722
15310167
80095119
57103374
68670484
39141765
16397382
90270904
98370996
11660808
13074039
92490375
24000506
12382930
51392531
87048524
67486959
49753275
47079512
83551842
40396386
82299814
36513189
17072828
75156739
82250467
72845231
17392172
99560009
72706882
48523410
60327686
84585196
12841959
52138400
55281255
26638777
60669429
74104358
85941883
61776791
32724104
91198292
25689892
19479769
63540474
57787562
44623887
31988824
59253113
23736697
70686799
54697900
63039376
88816078
42010298
58286786
76199035
27021477
56599498
98067662
98018757
10671519
93312842
37531040
95407234
17565881
74333784
27855694
57152232
44139467
77136634
63162661
54330146
71809453
36483442
63730466
49393476
38369405
62754177
13465515
14616658
15432814
29821156
50929726
49508965
28485504
28937211
20198575
39803393
85598430
76844026
41211020
30500898
69898076
30765278
81331897
44195411
98177544
49786612
62664168
63631806
11453570
56021283
98696456
61799456
35301471
85401360
79197715
25684959
87936364
85914447
63198322
22957509
74440084
90956842
36085666
75869288
46636174
55572147
57515208
80814397
67038675
91628431
31565082
27532972
96334234
38659231
58905184
48839492
76751081
78393933
45649919
42212566
64138243
14950069
16170308
39672174
39908205
40711068
28757484
49156199
84401463
45069916
64158698
28134560
83381342
75863736
67572492
66009230
22462929
32112989
94404954
45479470
95933032
23934979
42540064
20877055
20009856
10085464
92145468
47617736
19794072
55881932
74184272
63815863
23450206
26860491
62553546
57900709
43060963
44566372
81932073
59501792
11600673
60182635
66372436
36116750
21397497
48560756
16150400
11645399
26036303
50452822
66130665
19680338
16412044
19851059
76226449
26092888
20618628
48815828
76283480
75736622
77612645
47714080
86615703
14040588
81365267
29129989
56830713
23467007
36209323
30280723
51230722
82646148
75020400
65362243
95468454
67367781
75475435
89824516
56596664
13756294
70880411
94727475
57295010
20152752
31342017
76152763
19721108
36220521
56141620
86808039
90544090
23370906
91768547
75485625
26197310
65732849
79727396
37287701
62766827
67301658
42887180
85840161
17430143
76060572
44634582
77463751
78857269
25045531
79222680
55848710
61159827
32638769
24840050
93130574
36491386
14619366
46470510
40146166
38167423
62019588
99992903
75497699
46288298
86103632
80316849
93778181
96137560
30227493
30910309
25155858
22644730
41536977
54070120
70838987
48858440
13009516
81475763
40531136
12097529
42561382
80851602
80406802
69364338
54780107
85122277
24252606
57951618
86923415
52246862
80275560
66864266
31069923
37568664
32608510
81423202
69698225
99989642
80263794
73177312
98127877
41909869
31692121
88372274
69281199
13948937
24261230
69875504
88648389
84805917
91465180
32397834
11373018
43711853
46679650
64856715
65505152
87651512
32761732
97093892
78815485
97924763
81039665
39269043
52882605
38690325
26715946
84421291
13438915
50275426
80480860
10693206
57460337
20745258
41384541
39588921
30594257
46580689
45603091
73870581
56531012
47403111
71757135
95527487
89198711
96894714
81312492
66430268
78145186
84603703
74644078
87674573
94654627
94805480
87269724
94140709
79076825
56214066
71893640
10526197
13513951
52144778
98967845
79821902
73507004
51549849
97481378
23221167
63572410
28525622
41192442
58336424
59145723
79080290
33010211
20502764
88565588
23091205
92922840
25197015
70204873
34185470
77846740
15139495
23527235
60929259
56250156
30261201
60326198
41676438
78123818
93949623
80982570
81269923
12101508
19463181
96755853
63657685
37738344
30398281
19347340
80795080
72186951
62031919
69776134
41881391
18943741
60883294
88350441
95503112
45709538
57857825
41959439
17973045
37074346
86801675
37405854
32768659
95802295
62771239
98560474
11419144
97775982
54079535
28892066
14683682
20468771
31000796
29935932
93586690
62496564
11612891
11456903
75399996
75953176
50925933
68615509
94087108
89877048
75663515
77733781
17993696
45434321
92686836
92387724
49474406
45168445
96919807
10921400
12361108
81920969
82052007
45962541
80685726
32800764
69389675
22871307
46437813
85060776
93645356
37816524
75834034
97965015
32377961
98752290
27597729
56763468
33380838
15623306
75713801
83780012
27769845
44718256
44193483
62204913
46670988
55780088
69983039
28154392
72187197
74880023
53101852
22813542
75488472
56702198
81086269
74634538
80903498
68113155
21669484
74697844
80111011
53483345
61113053
41349751
41411678
19778573
26050242
35949207
44855130
91420765
56373112
18135908
21581446
88633451
49279444
22420597
25300008
49491708
19394984
46880667
55117557
34401212
94376942
92712932
30883276
23964706
67023864
16134347
26972848
56980735
83456289
96505703
33729741
11102679
83586921
45150315
87590964
75813585
52394918
32282594
52310732
36883910
77268954
58395846
72072016
56833561
53397152
19883629
39640956
14882586
63611172
19274737
58301226
61622254
30262937
30138126
86674144
83905491
32458676
75155134
90323161
27988442
19633657
26400270
59560708
97903302
90939173
64399057
60070958
61336922
50599450
39817153
90249025
74224803
53440597
68341124
47812224
23318114
71435475
18166131
84826498
86812293
24138187
92799547
37623896
14126633
70845970
98034183
33793031
82908136
94922623
13117766
61885445
63737472
42296726
32547043
15963136
29954546
41555203
97398610
10301945
46421366
43709125
18811202
84107339
34108178
92056460
26894569
84574174
96778207
58849341
92853859
16567394
29502099
76070138
19045088
76791031
92997664
73042602
57140007
43204080
88693519
43241928
98769619
94882567
54535926
13111970
50217233
36457120
18733828
26913741
58010979
67713799
81680524
84290369
48697326
79564924
88842307
97786345
44808703
41302426
71694337
67459215
64867860
35896565
14724530
48998792
61233822
75953597
76884113
55191918
19419880
98628157
89393920
76113461
32673213
35508440
24970631
89056057
11825426
69315319
98528507
28264707
20603149
45220798
15093344
64278095
18242140
11275642
47835875
37068023
62293865
90233743
90242954
65155129
26792136
76724287
84204259
33134005
75422016
73006761
65140837
45350623
29298126
66417620
30780292
25237003
72167801
88936654
51210318
32182413
45536306
58951008
84042071
11670333
47352789
25169064
68746469
54173115
21340660
54206935
50709203
78683861
75624490
99256910
81353815
31115582
75722539
94187941
37813608
89864841
16766979
82603321
85528519
10510121
39103643
12433626
78605744
11733443
77562151
62421687
54264486
36141032
32369642
78020122
14445554
12097293
56062786
44563353
68117303
85723345
79506823
70848423
87168666
33379012
52690704
50058324
47438676
46553107
47116136
66041481
71195044
72153623
84751296
15211458
66521821
12069916
96959181
91272504
32100211
30128437
57248334
22531087
74910171
54759758
75280429
27765182
64389011
11024348
20944028
70563915
85373519
32089006
77152415
65899508
78320123
90227195
95635333
38645126
40253650
68221119
34679077
19377223
82843898
47505073
66674210
26960803
10664484
26754474
92901656
44165617
10615275
97115522
97213959
33488564
66154728
78629700
26826439
27191005
40317089
37681573
32267788
52510242
65238682
90596181
66581014
88926579
77791921
69848905
32218096
75514026
50868428
13809175
82870024
61042124
85171491
44572412
11365633
77258391
66128541
34498391
36165262
14915097
61255271
43865104
25956749
75009073
57879189
56000582
67972186
69415547
20132735
70799888
93502201
57350364
99345829
59314979
62997341
14294328
30325999
26453503
62335225
51913297
24693995
99802384
86725320
88809591
66773142
36857360
24721377
86582944
93886289
92124659
77229633
29380807
89097230
92908354
30079319
57434074
99843054
78996275
87390824
68281560
67175578
86638103
78531187
81284219
51434636
10838025
81428633
30136264
54686157
49737626
59725313
98436618
65782524
63721464
48224352
72166463
22510044
19522726
73727436
16231466
11240444
49215119
17532101
89942570
84659138
45004256
21311359
65780346
85957291
17984766
73032527
43313521
24533612
75726484
13835090
55495169
52415882
39501392
34790477
51661704
62314226
21749124
56097562
48565716
36018303
76820224
19984432
98804954
61003587
72618432
40988179
24376862
59453132
64742329
62776799
22003522
87749888
38693412
10333031
92486478
84059299
63940504
68288354
18256106
90925044
10208450
29810214
49356829
33185437
74306139
50111865
20402892
10896657
94749109
48760570
68827041
14579912
25766031
17859700
98240113
68251502
56811972
15726108
38820367
51125276
69593495
20988264
62001069
78950530
95189862
76510100
56443212
34633089
10580146
67388754
57965442
25769799
69177426
75520512
93356370
23798855
76682606
42051857
46997353
80263809
56764766
90536584
39641580
76384337
41920020
16232585
21527053
73891434
47735423
29928875
45455662
15677599
58046210
53328934
89914049
93599278
35220299
44792222
60226292
41526409
70961077
15353223
89580915
61768383
50214049
48470684
97471423
22877278
25317453
70416423
11055628
66894948
56880455
73980351
23526782
52291014
72317189
58456189
42896613
22986809
29481944
29021767
68164060
58883429
38350995
47326176
81685058
31563901
42228077
57978858
13482426
30475122
11897528
82903357
43434113
68355674
14948518
52783079
17924541
24577205
56540492
41237844
92758207
73287802
99598359
69538084
15291811
13217547
59803166
20164775
68848970
24699982
19526979
86863671
28944212
13570800
87827669
33263045
24910427
52098951
99539305
42108197
78716730
57403839
15408475
46951074
68238799
47274155
10661641
79889757
19733009
43440972
83936608
69014467
69223602
10449337
63889725
61681968
11085339
89699530
62765527
61428442
43285853
16711746
63584367
43457108
21751888
39485915
28344849
62215662
79502066
48582750
14808657
22837365
79331313
15686018
18386771
36138444
20197548
18229171
51449044
42465724
13277505
23041694
78207842
95785822
27296814
93048892
18651609
43498814
47401533
46469406
37264548
98292987
98941370
16301764
44476401
47814589
34741417
92312802
53495988
94056900
30819894
87576553
48432038
80311903
43070217
36983946
80078691
45043437
40949196
43842505
68168410
55874900
50691922
44966676
87437914
34110444
33963341
27503119
71302006
84437610
19796140
52110991
21374861
68717379
86272662
19441051
78215889
51537849
51496656
58465110
94166206
56933436
87013815
31592341
34774676
47662033
71544346
33935964
23072541
65932982
50127914
44571347
22568626
70347589
14697109
64842366
17309266
18270758
85944967
67016290
79983967
71030149
11625563
89731216
64922575
61088359
67839237
68707992
10711628
79888371
14024348
84275651
31325027
81551143
57791334
45976714
26522811
88291287
19769816
12723688
31036755
84949947
13527872
67209560
14745839
32158807
13058247
64800921
79082422
27385147
10450306
29791208
40038615
86880745
38622100
40069711
80482722
46231174
77823892
23128042
90276262
38308809
21127952
92388854
42993256
40208221
35906795
25466240
56746454
62507164
68912754
48346167
23159170
56770964
75209431
91395161
75021268
94907636
22985671
77434645
45217263
66255729
57593312
22683280
51084363
58651277
25667350
68108431
88768660
54197983
10523818
47825646
80403625
11174045
95588404
62133920
11202326
31537543
96411636
91116377
44856448
66050037
56053171
61090404
94047680
45864417
34543770
53155479
79809947
15888721
38996291
18157570
92144218
45394981
31521582
64491324
84296882
14167087
39406218
78520218
39785783
66815099
38752011
45719090
19298321
23964783
83401888
94187858
44035938
34411765
79063295
90239064
58428271
63519670
93350960
76588200
43257309
83090568
16135882
65556754
94333271
52984282
46226744
80421518
91889910
91233399
73944268
78345239
23502193
13970385
25639412
74727995
89432509
53160611
14328608
34286225
90919490
69209222
55667492
27879430
31590013
27688263
87490058
68383006
61138455
41436018
57396349
53114541
24928600
53290863
79681233
77557462
45345235
48479291
83761137
29351991
69540528
28940920
22424713
22228998
83157751
27643580
19703755
75987651
22024067
30784891
10297407
50002857
89271095
14757385
31101788
96332638
52638667
25666697
24915003
47517877
59084469
76300488
46047612
73235332
58954668
48635441
96874883
93149177
89906394
48595305
73066842
35606013
75860165
25811016
17808684
67904673
65200940
12891914
45154626
82645626
44818322
96010132
11162355
31760687
41828510
60926804
82203910
63252417
84206919
10862383
69646547
87674228
23582445
86993129
42694358
97371983
72561647
12687022
39409009
50034531
79697428
88386638
83888386
71359965
41153276
91972901
68694740
71869896
87270447
72337728
90094150
18191316
17999225
96549962
52058624
65682629
52466215
44596105
10187703
19057543
97435238
27008269
91295303
49713323
85196763
36248283
72610195
63137824
36900252
50582075
18455609
64554794
66325535
20133317
38879599
75015498
44146429
51664759
25993550
88218846
57016695
87426329
15381274
63939892
97021394
44890092
18077475
85105512
72736652
93488213
90060497
96358951
79943969
49910570
78644778
66524954
11726080
43096193
91432115
93888544
16155718
21617624
75124449
23453044
16398357
45196574
18160844
40790023
96063204
30241047
25111729
64485332
70703392
59106983
60221157
28240733
28173045
99262686
82333124
66597996
10936476
80432025
99499658
29812852
94812617
45827257
53691172
29896682
55978262
31374804
17850914
73554537
10586761
12116361
42279805
26911149
75822182
79491002
93250126
36165763
42385454
50644302
68519633
18278545
35955546
39022580
79140737
71257972
62934488
20781216
82751791
40238226
25565256
57316226
33972448
82272175
50162258
31664371
68578705
76864035
64461992
99691063
63722195
76405975
69252404
48166804
43099991
75853138
96112559
48061136
66224311
61865600
13889416
58797513
30010004
23798422
78351740
90391354
82760544
56831465
72470354
19515660
14363547
89331041
67808926
71587892
15244241
73218068
12047959
62158506
42671594
20249908
96094508
95456147
90641448
95077739
57855031
91742957
87599584
20578065
68841312
25014032
73261744
79747885
68302043
26792084
77605343
48307861
45929728
22596945
86393492
74798283
57737019
63401456
17814006
18694364
78764828
65580533
45248394
55540683
79609590
41809661
98502692
81953788
67414540
19203890
70113491
36831464
29191848
62187789
47809345
28945594
83198255
24224180
18808777
54180288
17590514
62855355
31444510
87279297
87615214
11136456
73628700
29731146
42973868
76660210
93109994
41371768
72097547
21301474
14550365
25491837
87852724
91216488
48400202
38649957
40203464
19197108
42977735
31920075
24463778
53564722
97047121
29756487
94488312
37017907
50612289
71690556
75930117
87192783
30093412
73041676
65127446
99223414
35611709
92921091
61721282
28081794
59485089
25028651
82017962
78624772
54020522
75726783
36222977
26716751
91905886
50893075
13446340
29938983
97776871
26423344
83488442
16379621
99042357
17608386
33766453
29595383
39424130
76656126
32711616
15195057
98515468
59293694
24625940
36604870
33222860
35579392
22731241
72991890
63728257
73593562
69668303
99923245
26468699
69362847
75190926
98362331
65426203
30401688
28089370
95502773
95643552
68771024
34720920
30716830
15176043
87130938
62017206
90893346
54364763
12521884
61516228
28064475
36276730
88180925
59210422
29458150
99060443
59479167
34301193
19522262
13735873
15858647
82497874
52968002
12508887
78116220
83159158
77802200
11395221
54781226
79317655
16967209
82268754
87206701
85285605
32429220
42781007
48348368
56503656
29930284
98095292
61459976
19655816
41875174
28422101
19612462
51374754
83354637
43264728
46931481
29192163
96726203
88289110
93616027
49045294
16196775
15054906
77701817
23212843
49395377
65162670
76475499
38456510
20015879
65750771
83337057
31616250
13117407
33823928
25543116
22652975
16706954
68921671
49120903
50793005
11071965
79127239
34820120
39639363
17266130
67272103
27433903
13412183
45046900
86092252
19172661
85466949
16470692
70682840
81048597
95402302
18319258
36244126
20309069
77695395
54820771
68681276
25951201
60497817
40061416
11400899
57905552
70071770
57052676
15207758
50136764
73388345
91801551
33752890
10208519
23015640
38751070
40006070
75005453
56043595
33100244
83962822
90535907
22046823
89404638
84628351
66583912
76655060
44312646
74907376
73954101
87668991
41301306
51249249
89428064
42212432
37700396
58726765
90956238
60475226
29263925
30178600
14683848
77673830
54193986
96437746
85386257
96120737
19200047
79551430
44968661
86801552
60389458
93412499
79246077
98532799
18439968
90459210
41708735
64333189
66556567
88876144
86715353
50703843
46241103
66158526
86454909
99650264
96352482
57146381
60829910
39962062
70405985
50062969
25320089
64502840
66087765
20618744
95119730
83414764
23226932
15503611
32176756
36086058
36859619
66467529
52471334
23311664
77368641
90616668
41593276
52477772
80779231
17260328
34112696
66090757
96051959
28472390
39612683
74697526
86739013
12028520
77468364
22214540
68089020
42439533
15048339
98125567
92243857
61465436
39721330
26500954
61184919
72795444
41735353
32740474
64413930
86621535
97832605
94850565
71119856
89415901
28235640
23978765
82672323
59566834
50036225
34922421
47918153
13426140
47644156
46627061
72975316
31162447
25119352
65205638
58844719
74719542
18822962
32596482
78214841
62293277
80394382
21411730
96274707
95535589
18086590
36331984
93710375
69284643
38576014
30845370
83453107
77461829
70928715
16768804
53062444
79140108
29826275
83846498
62020758
27019379
73241506
71437147
64116064
66537785
81636079
92698537
21644652
79402506
57086547
11552546
95987970
65130463
69978752
43616583
93264638
29123169
33048153
41117273
82488063
93413816
11687974
99515312
18325570
48792317
61037267
47887079
79798914
99709476
54499107
30967247
65894456
40487020
47417094
65625970
52973962
17341605
32402546
35796745
99767167
53886899
83436860
59817868
29483223
83225616
48794374
18934082
26032056
22168547
57901790
47559707
69979061
63607251
22297748
37449058
39010009
37766401
99541770
80323635
53251372
75469421
39568434
45959315
48536435
19776399
96515197
71417719
58011533
77687157
70141723
23262302
31181678
16016537
38349896
68991052
69466931
33694425
11278408
39544010
23296311
10156055
85442320
93689991
84482232
59378017
15018863
58388457
69333274
38755822
59431958
39228368
53243826
15738697
14952895
31136142
98150050
98243631
43348053
22338714
35268075
88775778
45446853
44895728
27992370
75784185
61326049
73387930
90618224
26822349
14497279
53437267
61558134
72635618
81299778
12109265
10207353
76299062
69135221
33720383
68154771
20424264
69337691
96687432
99393759
93214145
82172211
99196248
19265850
74581416
31487783
35063274
62029360
58962619
76570427
33187937
41015833
59725728
55115502
35905231
66224180
66493937
65625599
24632516
46747663
31255941
81103688
33606288
71951672
66257922
20203801
81453948
10106956
78382302
78588887
47679794
83369233
88963823
41110381
36439916
60141166
62416146
28662824
24216468
52894262
86914712
56151335
96198071
49270823
20259792
21381264
24137893
26072260
60369631
35218725
91068119
56113179
27188039
41460581
18280327
44339613
71125698
56446403
61036274
23446291
99837365
77418605
46355496
76529241
30195637
85673340
86143982
75413484
42634619
12097231
52913900
83366408
71571402
14602298
94153145
53526628
54551737
82637371
61325622
22718975
56215470
99342043
98671401
81541750
14797756
93212509
82223129
49527842
39743124
49001648
76958445
95433549
32111191
78207803
61555143
23710887
31452599
40170729
68924880
73386959
95909119
91022122
47100595
29724471
86464662
50667657
37863119
56976084
47555004
86872257
35096464
70683145
32077303
83671765
33228763
22266849
32024732
86900971
16975572
55508822
32444841
80611779
27376794
29092226
36355623
27497061
93865086
97327284
83223458
69965548
18479977
82228582
53271374
61589782
43206071
47750435
95554634
57320736
75847677
17945581
68629796
83010043
85505851
67766362
35713869
51721650
83566679
25802426
54734283
35183429
33105484
20064235
31673011
59442656
77518045
82117057
46915450
18648540
68608910
31071470
10044385
65941663
91220241
21331565
46834853
72971250
99354740
48537767
45416805
39332872
93313913
28655915
18046459
28343293
64886524
68461975
14539534
94041102
82792218
36082196
68379004
52430543
89790604
42819375
73940211
14143048
28406268
50902687
35378910
95182256
70915853
14020363
85684491
62683421
80076555
70398198
47889995
32212604
81713673
74665633
28690113
50667045
30240297
44364573
70706740
54180061
96318092
53584946
88320820
25766671
44888988
42507139
52210170
55291600
49340038
63376457
88454623
89257547
79556022
12197584
59274759
83896167
72551093
11343506
98366383
30296429
10477704
19247152
43274948
64710656
17936761
58597827
19269853
86827419
16346295
83032406
40164892
25628813
14015522
34904299
54007186
78464738
41717749
28196678
14259479
52638025
94843786
60018292
67642174
35297013
73258873
23054873
60953332
31719462
25885997
44178889
83692862
13595900
54683243
25092850
28975466
94239993
68467674
89346097
72584351
74008862
40452357
29840417
79784075
91231710
12890855
36267919
64876972
25041257
83860488
18103322
87986596
30028596
96007490
98933678
20582859
82626205
21541507
91200279
49152743
71594877
91955002
69264028
56024845
46834849
57538707
59640562
15997367
10697759
73332165
12688873
14301051
58013284
10856788
58240666
55363843
59073313
67917232
76107707
31414916
66001776
46565380
39304077
27887768
42644686
74362817
47991319
31502857
50978024
37867161
82424075
69511244
76223408
54834425
44474116
32819087
75993568
24007299
99239301
90741680
20987303
81408793
87047609
93504463
31331535
58670253
39359314
78171213
94181851
27311179
47074671
25041109
96524491
71400178
51472495
28089458
99854625
39089876
84798751
56024979
55936245
29748406
17530277
72155324
80736382
61192045
98897473
37275166
68972249
91225863
63257494
37118111
84660539
26095565
13122378
72109127
80530398
50303839
70369727
84251205
32729238
51327475
94915551
68926010
92539024
90196237
76321056
57108233
22206262
45509892
25844561
68259914
71801621
11825003
65015695
37671981
83908141
87123893
25425677
88392965
80454187
73391396
71168148
62676730
54263316
71096545
80791516
33753213
33256514
16348903
87264812
59691193
12824943
43273030
71469592
71420042
35979654
18653963
55878564
31207133
99655169
35420443
40133195
22598498
20326688
73450518
15913075
16087983
10842193
10313213
19282815
98276468
72337780
74537234
76453639
54300904
51726345
28425096
49161063
51764934
68361084
54865736
95900597
78972716
16281777
60573654
34343120
25551975
98174061
80599889
43247899
86440919
40981940
73930924
89786874
27711142
55919295
13328933
13658385
83780734
22545621
10569069
73235589
86069069
77370083
18630953
48136067
13976852
24647111
49427803
73986743
23994917
78952192
13339395
58599590
48738360
93743476
66551400
50580022
65720560
47600274
77112240
94821822
62303269
53438955
18914910
43370795
81526501
82515765
35551497
10180279
93823223
88339771
92857202
48538283
52281491
79182879
77489465
99239103
72670473
75291128
84603376
42676246
27298066
49477597
17587880
39851109
63644211
71832983
10155069
55151124
73432264
59879458
37466209
61524821
77714864
38066508
55164629
97689408
69622697
64130292
60449695
67740306
18760117
49218641
17395536
23171452
74059111
87578312
35766179
68459659
62879492
29056177
14464693
92493978
97962923
88584928
24295394
28546278
69297027
23981498
94690357
58540948
39741591
19452944
19894981
97088475
94736053
52449123
81610960
61554680
68982087
66516845
20486869
99567276
25126361
16518995
37512571
29005442
43459914
55820731
85555789
10269096
25323815
37691368
29761594
35020926
22375424
44500230
77483800
31955199
71898673
90866294
24794311
69453370
83336911
50094252
77263396
70122899
30727496
35980569
43257258
13282409
48229839
40150309
76361411
14926170
27661004
90994590
49237149
94156798
24689778
18514756
12111365
79452165
19960586
77052793
95504630
65194485
74612615
37543913
55512311
83291846
63938381
84799217
94848430
95333972
71098696
23260144
36634335
11196727
14995722
65401252
18296007
70142906
47836810
17879316
14471916
31295793
18422960
83297385
70758156
55472631
82654613
51454516
50963487
85041114
86061534
72129427
40167477
89118330
32592214
26774808
95075550
17164971
52822640
83676286
62115763
73803023
74238729
38370551
91401648
73521225
31263659
95882059
86675434
60189209
47378447
63378800
22651168
76548900
93850485
99523682
88777483
44850518
53868456
71109752
16253847
67270732
55506176
13242294
85642473
26410711
44492082
24612208
78534902
86914104
94207345
97917189
34724755
28419644
56150790
14195823
20297061
36717635
29017129
63596945
60998067
87888911
51993097
30901745
70960346
61032808
24881097
66670701
58880368
18333755
90468555
23097036
70588317
38337792
59129753
24121336
94810011
46195960
41175807
95726954
74590516
76117865
70592291
12644907
47878881
50500341
81425987
26239959
91301888
54429458
50488734
90822168
84765020
60476689
80691804
77637808
82088006
90016897
49490076
63461184
13601188
39951099
12317078
33790060
73881124
56110099
52488139
70086817
77164037
37622407
15497372
69610198
76764918
35895225
91198100
91563424
14414649
57433300
37761725
94892876
84453199
70642029
30026968
27213131
23081464
86051660
16272536
20248775
11437291
95853522
87990395
35886196
79819129
21606859
22816020
86292233
45877618
71690969
82933331
12520125
49742482
84543428
91724179
47964853
42595827
89586158
16911111
94992808
24380042
84250088
64228067
93799067
96208237
12131346
22243694
48052295
24756417
13212783
72935430
66499391
85374495
37998994
77757236
30196542
92717693
89084591
69397467
22559466
31919191
35742115
68883225
75235743
23432453
60441612
47721254
88299339
82145423
22899136
24374062
54287655
68850874
14031184
34042328
12926214
56478700
49161921
19344020
32896112
86783104
83923724
91838690
12377802
63903653
78296322
44137213
14899254
39021991
89223157
15207289
80903587
74300619
36014422
98716895
51611021
17085281
34196008
58561116
32194570
64190799
42952567
27750429
33293071
67689148
75088877
79706180
18569609
16025543
68362077
92625234
58074040
59214699
34534957
81465379
61024678
73207033
31122249
66026624
74314198
58567215
91808479
98923083
73256449
72876586
58936187
14874710
85750659
99547321
40583372
14640671
19487440
33730874
66662834
32425479
78902233
83626024
53013441
17341833
88668812
35943822
40920138
99411367
67562939
36145823
53569713
94639943
82831993
18479072
39023763
54001335
24095710
30206666
88060377
20337075
23093139
52030436
69735290
25585903
99183142
50472274
31470733
52237649
47240164
95188626
20286667
92659784
45564857
35079088
98824889
65932925
46750865
70367016
34574898
44963403
64640558
78160022
85546383
16092363
22009973
45103234
57091798
19345669
19433776
88651318
93448464
99542995
91425306
80584153
19592184
24840236
82915878
55705050
90771524
85525683
86490912
31637437
30948154
97270273
93947041
24890824
94215213
64096788
82265779
71561986
14535226
16461036
46480330
27346818
24235655
54896058
62302991
90189720
72661775
79105923
53291999
18086902
40516193
56930223
94637365
92564313
67674423
85352016
23141248
27517797
31852289
67529784
99007411
68003417
78159847
17177829
13174564
55358799
65501426
20229912
90188391
29180361
96978571
14500367
83321508
82811438
54853699
90759830
16562342
26274210
15157019
21413052
25280426
42466623
31152095
90008890
25236022
45831653
50916995
32365236
97238037
16181501
82368683
17782392
10758776
64372166
38484204
34440764
42844428
36904758
20441409
27840651
93479482
88887843
73014463
31044422
79861081
79430487
40025142
54617221
62281419
65013977
98196270
77005943
43290540
12884795
65327059
75976660
18129530
33662530
29469790
33914051
69971507
25166008
71604244
64860251
17899593
20374670
96115731
50131030
41389450
26652724
36301458
53805544
69208582
34362849
81357848
79382049
46436976
55376431
58243523
72571570
52684959
23839950
14580999
37705039
56188448
68818570
67428525
99401572
86156051
10231122
39414779
37367744
91479565
15681390
40769797
56008843
70616777
81392740
27723102
25783263
94807908
54419614
60711162
47839941
60270827
19016024
68936588
93597322
90179275
19677136
39218218
62611845
61154651
73530926
51960227
71562713
76035545
40594496
75574637
83955815
58249767
34994274
15134028
29218860
36979500
63361505
58542230
90934373
18718166
30312715
51198078
43189922
86296928
77256138
72905859
85342592
34652959
88656697
95414714
97553163
73856535
84970987
85097820
78411171
71212584
28195371
90678245
12270369
66624519
99434777
14664341
34539738
16449774
52455296
86385873
26895034
71079951
62860339
55975188
74406066
91770083
59223514
74108244
75831151
19167247
13531064
28625079
71687009
82112335
97187681
72537953
60974189
34859076
57205293
88668794
96544157
93255692
75042274
50358782
30190532
55296606
46207659
29910115
69023464
37643392
61226608
28113544
54015511
52839168
80951888
87397321
26467161
92959422
24387697
88051396
13343501
95058176
94890793
77019406
96136002
86447526
58079191
80922467
77235622
69763865
97845355
15557032
93893510
64008198
51334331
46855906
55570816
61589755
47647123
39818663
32726446
43816506
34749994
47190701
45336248
17192535
92214110
83848889
29844068
62675117
52882730
41040624
91032853
80240267
25029046
45120377
62149064
59715719
53320410
62485132
41957043
51333715
95293745
53550226
77506483
96710259
70900687
71731412
36230813
51762488
91852539
95010721
43452402
71922874
35029288
96970680
29093209
91897301
29144964
26695715
32828227
84910974
64156127
68196483
10802425
95105853
21561256
91177764
21375242
36325472
74199728
96562045
39347088
61238741
36617189
46612473
99983432
19612558
14431347
46596913
61911429
79378136
25264736
11231467
64482483
95837616
32858957
29661431
97388389
70724833
92311111
18149510
92511705
55443521
52227214
49030501
73763149
38140366
31380086
63553296
95965081
62669179
17422721
53878663
92348808
35233647
28885773
68322295
12123393
60397465
99243106
49728019
44074427
89243720
32184127
84508052
97898125
84274183
90709637
96688205
66239403
18207238
20524609
83898581
77075058
99717493
60797956
96901618
31969861
99766609
33199713
58543049
39532107
82454493
22550977
74199311
66898015
68541162
21375187
69576737
39964509
21433151
34090930
94437577
24258826
21389320
60646613
50837151
23197348
36456885
94924932
24483148
38694360
13492351
49453560
51818413
39815871
26555267
48832186
87129916
83542838
96294047
74881921
90404499
55177111
52645133
34636288
30781621
84101369
63369406
11863475
25502850
75734218
40891557
45146359
74660550
62483965
39316228
36352712
74313988
18287746
27061271
61560056
72917390
98456923
77239402
70891180
76344351
76907643
41788822
48568672
54470775
24387410
97348572
42371920
13060554
85498412
13437114
47267344
39801890
34128797
61789929
15915624
98486013
26427819
55631640
56992130
93196714
50212368
77008162
19445342
90613647
17005067
58072941
47840823
86545912
50908542
72659586
41028124
11711990
36295433
27519443
50538076
78023734
25224265
68199057
94074281
19582975
13442488
98827369
51904330
20304953
85061553
80087771
37432731
85259085
37191471
82924902
31445290
52773577
92590638
68017621
93837213
88481278
46892301
91173190
75771539
14178433
96678010
51628106
15692883
86764669
43131420
37195877
97040477
34890764
77461353
99202661
95722860
29190647
79840700
73747525
77793589
81900833
45891817
42195005
31765761
34869061
30029847
35904252
51926254
47476613
47753379
70006432
34409820
33377260
44394700
52248411
41216891
30186520
12114004
47120134
70612700
25682119
12641741
56886773
97810092
13108982
10478487
58701661
19023441
51941504
17945431
79562686
95069981
18908220
39075085
44355415
22863484
45838535
88413898
57241860
19579186
14872746
76226835
11038110
73134386
40971225
63571213
16632010
15335641
29700925
65067506
28142181
66430022
24050518
81096428
75973048
75883589
30197310
53821345
95205343
34538530
83941045
28968929
45769774
75011141
79146882
77626629
44133104
46126223
31116242
33988657
97157860
52804035
21140385
61001745
26565117
36893890
39101405
94233252
48859292
60104688
33711495
45456836
26374859
54612181
92359313
40389929
70481997
72934790
97228676
41241218
52894374
16330054
35909300
38166393
30135593
19347450
89269318
27630735
10303796
33360429
21130246
91955621
51771649
88741609
69632431
94208489
21553602
47875584
69166641
39914792
74873102
75714612
18727917
91431354
56418615
91889003
14838212
39137815
52774815
42210366
78888719
18548092
56018614
76878301
49463088
99534589
20188535
92753731
46434483
19183097
63936667
98880406
89546536
63683190
13987318
70019028
58065946
22381379
91332633
97840217
70747778
74366128
14264332
17058324
81926738
36062276
18977272
65293227
71189596
47659940
41765879
47995970
57529951
65955913
90376452
13491816
93885133
78925522
52090708
91333021
10230143
34364721
38848446
31978478
45424394
23394789
95910787
82618600
67195377
24687908
10709107
84448009
61330124
51991638
44747814
93578092
41914832
66658642
74848400
57270606
13521877
11459360
85430759
58727049
13708972
98640055
61709874
15401809
37223453
23290994
53448120
26908297
64074513
30764865
87715904
16828400
87731600
21574770
64121437
41434753
35630165
58434453
85396630
31875573
33741698
93592847
35595575
38678205
18252198
56498957
79095929
32070520
53404638
30173754
96382277
88764912
82042411
44841452
19587854
66510295
65549874
49388525
82591582
30906197
12347934
67548141
58228121
72295076
21431714
63851052
63536619
33370745
89466667
33664949
60630016
88676949
91567355
96099626
44812297
77555103
84623896
31253288
47612978
98049828
86956408
13459018
49344932
24055475
55693251
85583196
79848142
10299639
80146425
37845227
47271370
96027574
89261343
22229112
46499960
50462121
25095034
96321575
86571582
59584510
25722975
60677678
41990055
68569979
20623473
50789948
38678163
66777626
11819086
56192915
34838474
64009131
50152673
26648078
25712660
44352864
15180481
98619535
34657971
13189601
94391230
58646191
75813224
32780182
20827594
44487258
68049713
65477855
44538294
69655059
33319376
93544736
29186508
93816919
91296807
69849539
72568921
89698351
65208421
84421860
45129255
33123297
89326413
23071189
49594442
57510539
27386381
38159585
67865666
15546872
68018267
20563168
20955368
35038846
77388921
93963355
90695961
13695918
18996683
92313304
91346872
20447731
48744836
19962558
61150992
54201618
55412722
85330360
68025328
86712776
16429394
97727901
97833058
92288932
88507056
31254221
31073644
31771355
78293511
90723192
54602359
86750702
15734002
42045848
16604517
85287049
40449522
73005166
66089062
91499421
71441507
28858806
48781133
85229444
57671407
49131965
90605242
21469848
52926251
56119330
18155443
57520646
82050443
19562935
37674020
58112063
85522169
56120874
56441142
84941260
35076967
27596949
34954117
95593742
37587386
84565066
89761168
35642105
96845110
14250921
92474573
34810614
18374735
42482354
12799290
15580481
17775696
79542694
92737194
91734558
14191321
87840094
94080383
21515700
29270937
10254306
62346404
88191487
48071808
19350234
32387200
91780513
75856830
31370945
39454921
31695243
79660849
53400925
35176644
90305411
60125772
15319611
58261377
57107309
62498340
14056766
79125488
23603080
29862286
53276331
42306159
49429844
86918627
13270690
71253530
84769739
86690715
53427374
23116316
18724425
76000453
30088706
58309231
56328596
54847355
69622289
69583504
48259792
63448452
56384358
93801311
24409400
67109286
45482276
95149964
78395393
43625834
55719605
74593612
12238139
22736517
45395810
66668923
10205328
37611690
32274079
74369338
92341572
57475233
80998723
18638629
96172004
64369544
16184482
94822986
95469438
45306765
67511607
76514628
16905927
62936458
55343528
74236582
82288755
14115296
72715123
59740001
43001090
34500195
79695536
93479377
28892738
38752825
75574507
45799074
81380246
18268599
52618576
94334328
38972330
64264360
24774599
49822489
22574178
29566248
53244787
58635125
68561502
55246173
29636842
25281252
84618149
96803125
24895247
32816382
99012186
15228617
32954514
70913837
21268972
42774237
52269452
36662258
27097627
58215925
20319616
69432278
26198408
71133316
80504805
81877052
67412635
69091060
43848920
11070636
55761055
49418094
42676543
92465170
50377300
86191862
90134393
66629025
66585780
12343859
30942820
32973912
92528516
18814417
94448090
58253660
63516904
33539807
39739795
38333253
71926174
20985206
19755758
95073572
18462372
25123796
69272053
83441835
61031388
42513792
82303751
34426898
66011325
50687221
73581688
22570211
73821615
42464002
16822690
71436920
76530877
82680143
21629472
22849297
53720462
13798445
90709202
23109998
30274835
57726057
26345295
76471751
71536067
54733395
54341186
56948059
88516571
89899621
43793437
86242873
60845716
72545941
88270993
22661020
27058937
91789197
46024705
80902824
47300917
31246551
37203970
42404857
46643774
27244465
78976473
28608033
28865585
62126050
48861029
61787819
92058612
21063180
86205323
30576226
21957240
96616204
76060865
52711004
83797447
96810740
86200756
11080861
67734747
81800120
97435563
28137546
51384380
47829984
47786359
90720993
47347958
24308931
66384434
52259469
73163253
89073267
77140737
90852703
62255053
81485628
70871079
36729020
79842431
61355679
79383430
73976631
51592633
58790122
85047687
55870432
40619739
31075311
88401602
38177049
74160415
66773191
53980631
99063758
40278033
11109396
69828638
14311095
55712445
75179089
73101095
91015055
59552464
33230502
16347071
97627006
10501739
77847531
87950812
63273672
68856394
87431238
72256205
81381423
32644645
16984949
43228727
96873062
18361566
89478773
13982626
52270459
72092259
95242326
83115128
34716316
60124735
22955144
81835478
37530258
80970561
88793420
55107998
26218279
82705203
50729333
47204958
86357835
43505120
55073945
52868439
48465130
20725054
69392943
38475008
52254735
66554306
92359328
78860135
58338247
12417133
38132764
74593899
36905362
43295714
69268689
47478958
81203085
67937925
29892961
76863825
21874182
99874776
73010240
82460513
82763851
69921680
84991498
97395578
58215988
49610103
37654116
10710762
23877739
52387956
82643699
51555604
14681313
85398399
57562349
74727941
94498639
83493825
28965701
98022250
82886719
72324289
70235544
11340995
53192151
19021965
83595665
16383130
94248231
33964134
71376092
34325547
17384390
68287034
31420019
62645799
87489764
25915049
13652654
47146176
64487373
17275919
89586781
15737379
44896257
75406296
57196849
32399616
18194175
91782017
55278822
42298769
32758704
41502543
56708932
92325542
51459490
57298130
74612606
30463350
27576009
28816005
85308542
34383628
24968192
36061340
46881866
15007182
38125393
66094735
74417334
27912992
84497296
69823993
31062380
31466398
27577742
12035577
99494501
86715442
28807858
66800065
33373947
28566381
46225254
92490702
41293988
19529052
29666189
42225568
17824491
48002789
72822636
88877893
65550807
54330251
75801864
83833262
83705215
92186675
42685591
98595333
84905947
85573950
48578263
76743000
59055516
80358570
16702317
25952351
16336438
25774637
53681680
59296943
89790718
23602632
93090857
72637128
77554902
86804518
85767547
73661520
75443992
60201657
68670733
46339815
49480969
95437586
36784753
64649113
51515922
91919401
40677648
11223551
14126908
21792854
19776787
26762866
74875753
68073536
74612994
55826741
67327359
76363712
28457372
64705941
88236080
76158284
33951569
79003311
48761866
60900514
41718524
95355324
56602014
93526218
69940247
32458341
82980633
57822991
32723890
99833492
73125780
18661723
36315656
29373048
94139916
13766293
34879654
82335111
16591263
87318882
56220444
23537563
96837975
38340754
63439223
20257645
55558323
45814033
99280414
87786816
76781893
76672038
98447111
58912424
57653836
61245015
22653670
85541332
81347038
87683033
95106161
52616875
79940066
26066590
17267690
94263731
26993144
74376793
95884348
13675841
39674592
38050487
92003855
79225531
45078887
66417207
31323706
31197678
71475750
35182275
30591725
54366609
11901157
66690155
45524703
67184116
94071295
12221209
39362834
97232208
44192543
76603198
94977099
99548063
62391688
89122570
95570217
24633004
91100809
11809069
20807812
57210585
88537450
55666257
71895498
99165734
95680871
39312034
12291361
80752039
68185890
55086162
80767150
67817233
24648669
53526309
31978093
12542979
55879753
92724450
65839781
18204035
38420269
72398018
28555253
59527773
27742487
49534339
36362531
56714217
99696469
67837808
47649928
73040787
35196006
35611244
92467175
80389705
23147116
89072768
40126109
54469325
25865496
24057315
92263704
85995149
43346246
57249274
93555642
71111040
55879696
25012025
15945835
49967232
30430276
28249417
42280335
74720182
82983840
27966548
19434708
66065780
32892041
92202882
14195605
27568278
71793718
17853847
17171445
70050968
31965148
89886021
93384912
43004562
46172996
56543080
47954253
71739733
71219574
54073140
94367441
21840366
67488961
42764513
46898423
87193507
48170091
25598476
96221441
82319854
56064375
25864344
23722484
92632205
47164333
46576634
18616740
40107912
23191274
12922054
44596805
25225292
81910729
57432208
69050110
36234608
42963562
79327185
99502603
70023447
40896337
30252260
75665270
52785013
29172756
71041491
11711159
26204316
62795347
14396168
39730474
51837202
55455840
16541801
37090341
10730879
72691171
10445297
98560041
63273855
57992784
32569333
77056901
79496031
79813560
17405017
20401984
30156190
80399161
75294230
55111123
71529048
28068701
21740768
89603420
15164951
36006205
94186443
43283663
11983664
97143431
80446076
81749706
69904832
69772978
42562069
86606829
37035308
18017605
59244047
75736212
70227254
35705480
91787038
64726045
41971443
81207517
87851127
18938451
53949811
38937422
70383697
55607052
61630638
14587909
25982138
18158042
75978540
50066603
16325835
36027756
55445170
43673582
77601901
27087533
93368317
18146320
31771078
29802312
98029257
64652470
26037591
65762226
27436931
70742679
85355737
43192068
55790647
80767844
43387178
67215996
71433077
10351354
83412557
70052270
79094306
67024911
49278676
90991907
76004968
81502079
23398476
17434481
36389529
43718552
13831069
15353643
80923004
55250405
52233508
42193000
88812880
63396567
81308750
29524111
74712800
10822840
58821371
35375157
21538975
90310319
15085626
90992635
95207401
91522339
48758744
21758642
84527700
65522805
44803826
29127417
80093572
47051766
50236527
25448736
32339640
40129860
15482019
85034977
27289723
98968752
61538229
12740001
32201474
74504164
83805165
77960811
63764442
61659448
70901531
43092259
92379655
12077545
51312170
70769792
82954733
68149797
58328846
70535688
72933884
71922695
44723129
79369671
90327596
42159250
56590666
90834415
67910350
96493196
40625993
72268162
95615055
64751631
88006444
52497665
47498652
97489308
45455262
88259123
91957465
28147361
18369288
86292809
45388066
53334456
28153351
45213359
46933431
47623226
69919940
47452673
36553627
13487133
57951611
80127418
31023379
87324883
43607838
74339276
18616105
10068794
50261495
61868811
37004123
61858583
89083838
65858883
99435977
97616831
15945148
53646591
44629612
90104691
21508531
19311799
66897744
87557401
77155184
57936327
21112997
30698577
95881939
84353355
58648482
38044639
29185225
34807972
44665622
84681689
44417622
95729038
21508889
39553790
84673731
63003455
70750868
19941712
59289790
46344608
25731451
65375865
38732938
34786889
58159951
70837231
61368309
80993491
44383930
40210297
46711488
78012087
41402133
96046258
90634508
65646214
55217579
11277365
54548770
14347275
52066314
32312440
88460214
33880602
43050141
40456739
60480936
50614390
34091550
75942204
53246344
76959102
79195246
91136476
63022664
70422058
88195888
23891742
40860946
31494747
99516967
19341790
53983702
11483880
87470300
63229100
30893312
81145440
90586988
45886435
31371033
73863586
13551655
14226997
52491424
95690902
95499956
78161909
70652019
93677161
69188382
68135750
61911989
31146850
73656681
96474191
50033622
61284447
54859556
55069056
57483788
65897365
12463765
84958796
88845035
40110532
14437630
63358464
13155741
49986452
99417215
97869828
92056855
13648579
41339332
19883928
72744615
23016129
20431848
22787027
35429689
62987829
54454904
33503881
87936382
53264628
31651368
24075454
28879540
36353111
18928680
84876315
98274341
81916885
18057598
31413468
23914342
99225963
81559096
53577813
29892565
77042023
98143363
94252110
26399848
74149654
56343624
19912828
15668817
69347763
40461757
82223768
65686960
35104439
74741967
32409840
36624676
86578018
23295461
75260521
71024668
43814848
89511655
57858664
27300393
48523838
59722732
89621238
43260424
17146201
68289665
26149865
57376207
39419577
26748004
81147907
39709098
81464452
43992744
93009667
87682941
82174291
31251605
85935356
32300227
25820482
78016780
55370721
66090584
52994212
56317395
70077813
48282405
34468812
28872113
68883866
26623496
91807261
67082540
36855261
29472647
27530750
13804723
97813221
34039934
10651826
90422277
82512901
19825402
45128730
14698517
26270697
26756594
34395168
75551742
35836257
58746523
94561598
85085804
56384167
81321529
38840789
91831037
14005739
11974574
55754868
66089686
61884365
97774431
29215812
86914228
53789685
57142853
46439432
25755959
35552475
90586768
71798038
46806168
73071052
64409030
93870742
45152579
70957778
48988118
90125294
58777383
73961268
95862159
80341951
16621307
26702820
61769098
15087873
42023376
96194798
40204323
16155873
77134450
87854079
37046533
79955097
36777913
18619926
83680398
28711308
26996622
57362357
33022755
98172150
87091566
69208114
98416043
47296876
85138189
69496849
12769000
90887929
15978714
56899739
70026057
72998841
22576425
59898989
90663022
46694433
29816487
57293237
94969286
61084348
34630093
44498534
23391822
21199698
10888821
76500691
60899822
58411372
22062798
36407191
84428480
67444911
71023923
76841472
71930124
20074343
60062560
82846868
24014793
38846002
51791554
65651382
38078605
19088750
36604348
36968994
45628570
88927314
28523032
60365884
27461223
79002774
19900999
43722526
82974997
70750731
62866269
44056437
85847354
10199675
67339598
60784429
71225581
89412567
87312660
15490924
69377853
76028546
24048924
84708021
81546659
83267924
68555017
90448929
52365315
23934887
57322268
20977398
17390703
95145919
64637196
11953973
57613231
16935932
58145834
96853203
21850241
58831785
93476303
81202185
90498222
36047262
21541928
62441948
60970870
90235662
18288394
79436339
70096700
91798313
95634766
30521465
20459527
98110510
57459853
84294760
98011211
15943576
62121007
25348411
97732407
73578319
97123560
68630134
24887449
48656210
73872972
17906778
80177827
83020184
76104143
90890833
75288502
78386765
66879857
58756605
24342714
90309452
99804773
13606210
65670237
85277634
50354163
59355703
28437588
74797539
37638839
45629453
84302070
31837363
29358235
79892092
36303111
32734738
16281990
12996803
16608592
80833501
46193120
27803208
28268599
25990651
40989210
54603730
85389729
43933835
20719579
33895189
30332494
55329882
65204020
18147888
76482891
83051738
98870510
93733368
83577556
34510199
23236463
98189282
41298746
65683470
37306061
95604867
37151705
60007064
14807827
65971951
11903799
17242670
27146436
22013601
21902382
45720695
35350193
76422898
19681326
86580832
52026062
13937075
61549675
91189621
34950213
66425944
35637476
73303241
92295452
49952184
92917019
95630396
71751391
15938045
97682205
36328480
79899913
73171176
98542965
86667433
61661356
95235161
72764761
74136622
65796085
17248919
71145655
60913711
49998692
22647024
11121502
96823988
79440451
73394060
33323096
99172767
45190417
36557034
49966444
55006135
88782084
32711911
52655293
90075458
26154264
22455270
97692697
14488816
40851257
99829767
45800530
66748529
95722592
55504146
67559501
88171179
30397248
71291876
30845409
47847777
54188352
73860029
64923918
85015394
82163818
15561975
14713514
39351480
90238605
59467841
11223956
67857399
96734193
96569392
93698398
93953884
25389217
82708430
48016497
21238181
64144343
52522382
48779479
54963859
16516567
74510072
88132979
83358742
70773325
60735311
66077027
25628806
62388300
83329216
39066372
50338116
64568980
57745499
96524313
17879560
60644675
29921114
22546282
27744968
59871345
40649378
27335461
34147589
43460921
32859105
66582611
99841980
52385518
99107236
91213846
47842220
89299597
77870048
79311574
12158553
68004733
40981894
89541586
15855404
37522110
35023802
52294145
95140805
47792829
42101400
88029830
83059130
37388594
21866026
79158390
68838815
78776552
94442228
39728918
75972268
83064821
41538256
15529582
17850891
64111195
54551382
49368972
30812917
36600030
83252498
92666713
14693528
42105863
31611907
66264076
19173430
60983815
26607997
35137338
44254394
31016451
97613341
60776042
10327187
58175503
15795464
69636243
67510903
14537868
85384692
56063245
82688503
29064338
97585543
28968567
34202585
33775072
75422150
16932556
85651173
58528026
93789012
59371931
26681603
63570852
39428279
47906098
65555146
52777142
33572265
53222263
16444147
73326342
33506584
21016745
89790226
42697843
57427242
90420921
86236681
57074228
91643200
62908618
70178478
39763522
36406344
65754884
59217302
34414624
88193861
81337512
28841982
57380700
10042170
32027658
85496212
61469062
22865892
97912933
24155047
80771191
76231156
43299912
71865000
89396247
15497804
48518084
94329487
58923465
62410584
35481618
72926638
84196519
36822602
42463594
42910948
42037387
40171976
42336681
21482466
38176060
59526522
95158472
10590237
83794205
46656038
50812307
30876604
87675054
13235106
65461376
68349615
18612862
55013027
17132188
89471634
68962260
62529475
81554574
22474042
14681135
64159727
57227810
12262803
82667734
39464561
48891987
15311432
13881146
87736904
46724229
42260467
46947921
48669265
56117183
10870505
38601382
22925468
32674535
66162704
82048018
78956796
19313444
23510551
49016204
29038685
95088017
82871830
90742736
67597970
48649581
22854741
37906036
32376164
41818510
42829531
69890789
61773926
48803259
94182803
20265824
13316404
30384790
43377740
59729850
52756246
57973403
86524928
50269501
36363312
33181655
77119392
19831191
84350784
38893204
91863012
96666155
52367245
36162254
58443319
29999988
31294951
84660073
12164286
68838628
96922363
44389041
81669138
53677736
56831390
43874792
40689093
44742281
12456274
20832924
25514509
12309996
91672500
73123786
91357430
32011898
22728587
25105803
44070540
22172064
93138108
50382676
79922560
48920942
14831081
39515715
63178407
93394051
80123671
60224106
54960942
53467962
44224794
74963230
27282877
86548004
53873394
22592672
37903231
99413397
36880407
46700606
60875196
11788013
40343992
25527590
33902225
54403465
95800516
61982315
78656909
92749084
45937842
83908847
57020346
51940597
97820890
19643731
97871353
64917860
81816734
76366125
82884789
58823910
42407977
62280551
15940421
44746477
76602946
40303550
52914577
84102459
72675701
17352037
70373875
28757421
49676155
37923356
88422935
22238757
59774513
54036553
11985950
26899076
21077517
25062021
91549003
40549290
24501849
54533201
24106251
54642019
52723982
27346978
45257817
72748393
12217193
15909521
90173470
46493170
26808451
36681878
19098545
30089782
56098945
72615773
51639911
46603506
98922618
90922615
10188010
92674753
51190385
12483112
97764951
87089013
49281261
83603274
91007215
23352356
56504774
94646354
20874450
26139836
83333954
48574237
53973794
87476165
23718766
30436099
90072698
72238648
42603202
41401669
43699190
78198765
56560291
90816072
76183102
14877337
99830551
52435705
46750969
64404232
32251114
64691538
96839078
59885729
76017730
51638386
42926269
79965547
54571806
12517444
64256577
72897965
20651084
17982989
64170378
97217593
17362263
26355317
67012432
17689576
34571471
64861670
44204766
93264878
60515691
77445258
67661921
39215268
60407692
98117563
27376588
13160178
85592059
78066279
62001929
73407567
90043336
57192408
80010507
27054839
34599865
66900989
86154777
25500157
12215339
44330142
84718586
69646223
79536332
80492715
31829590
87831969
54112365
80892005
58337690
99858901
59576215
61724598
36177350
31584998
31517319
71773570
74714843
51749324
23791741
93450449
15018544
98952287
69346806
47050256
66552201
78445157
86639942
98978714
59769292
92348423
64188647
12744009
39294553
66664276
69044135
82932242
12266826
86264641
56618510
98633187
40727469
84477139
49268141
13058037
70071899
47585942
54553619
68042187
62039803
18991847
41338385
49573549
88365901
76308468
77904500
26173555
98705517
43144528
11270718
16485651
90653955
61122100
45419290
46030159
25806724
15090015
94678875
10443205
60885557
92728395
77142422
94075040
19302035
47347203
56017993
43965420
65146859
58891623
49586194
49811649
82364833
24179000
64417643
60240193
37344936
18693815
90231980
13534657
17024052
58133101
83307408
62395672
62864807
74633851
78575154
73112417
65578232
82233202
48231092
35231042
44327165
98146291
11653957
36975709
39703886
18440522
35082457
31964650
10841273
53169191
83835823
13284592
91917426
12501687
86630429
90258818
33554112
14599826
19463861
42353892
19402393
40435678
78370494
44509032
64160808
18603285
68635315
44772643
29353257
99863028
72663514
23064658
52893170
40322908
78465938
55776447
53847304
23148536
75799814
46702211
56798383
41137910
40885112
66588470
74337803
56903502
94624876
36861958
81694062
72196999
52402823
86011977
62897899
42013550
53703578
75594063
13164558
72256211
93969600
74563402
64594835
42785880
70982041
32972835
20499191
30725049
59232399
62540546
62636600
96247112
85869192
46424697
33271698
92915075
33549851
88657450
11395540
12359112
61645314
59901267
46786045
73352416
79963760
56181018
31138001
98145912
30690775
10559545
49296624
24525029
31076648
64988923
19329342
73553637
36723628
42547546
94378385
96864394
51869521
43844791
14316445
86653313
37575574
53409513
51169556
53302610
85796945
64489186
65366414
30842749
79930381
29098505
41207736
10236544
70346080
22108426
22774882
93057925
57475991
11157694
31234095
85399663
44156759
77619472
15644785
52420787
92831254
13798242
37544960
76709094
40692934
26623185
46821531
80812053
60168836
44799199
55622819
75518778
51355492
93044609
10663964
87423226
97812990
75258250
56174657
46391540
50857908
89071984
48714623
35059242
50979690
18265556
15501378
85614710
53504514
42921534
24088017
42790739
50550172
79370586
46030323
70372359
85603334
80878731
95017061
64436967
42836681
99821653
54126925
87737621
37443908
85861273
12107691
98922176
84718325
16867884
48969804
77052083
66947539
30759137
93990521
72365598
23179423
34635477
78497837
84369949
15951185
38038009
97947020
63398867
38825707
34166018
59154481
21143688
51516149
63276230
58765410
94869352
23009841
77323981
96015307
99952959
26324263
94044416
25930340
40973719
47025784
41458693
98728388
47083433
49154404
93457770
75797466
41359754
84509478
92378561
59654465
60690886
65978088
34966126
28180234
58979989
20878298
65403211
77895917
75948861
43983087
27236400
69828796
13955310
97640652
28708249
48653164
62106599
28274519
72711893
34592701
43592595
33670605
85664173
10784146
49074113
40508451
10542031
63892852
47118942
92249917
13398607
43064079
17521245
13306472
65701508
51417423
31857058
30215289
75117487
33619942
49160917
96277282
12230503
94471194
77692354
88290408
91639181
43154324
45585032
26432795
83745550
37567754
13324735
88991502
34775133
10318308
32669458
77053997
86263535
46577631
26461364
91186485
59458371
52860874
36203466
83529798
84983420
96675906
12053759
23529753
85231332
92812641
41650731
54035397
45396508
48629255
17025971
63579619
95488015
53494379
90372815
47657972
56542421
99790437
11472056
73322487
68621657
13480542
65056869
26064714
90374118
43586773
94842860
78102966
92610230
87492091
57845096
40136051
85050933
31361402
90496332
60670762
44644058
61604523
70486612
87281754
84058977
46978259
48471777
38674406
96776388
60228890
49325023
85586473
25552216
37876283
96080815
75568588
24574597
38696576
81072818
46417914
77318859
36815199
60475945
62513824
19948180
82637621
94741571
51786870
97382751
70255675
32764919
77168431
56722412
36925617
69062599
97968571
76676458
25346935
20346645
81789058
28352397
31183244
41584213
58848390
47592492
10304984
49440586
61265838
29755567
79224871
50522605
96734593
96524940
84036949
47001353
31468551
36877798
66645643
36251279
22344759
61344407
21810006
94383684
58846942
63836232
71316973
55613627
14461316
28862999
80352851
98253749
99001206
46100380
48934570
31651893
11557038
63196917
34506159
42500580
23099602
68528294
96853227
65861175
55896967
58999044
56934877
20646584
70178298
12041795
66692854
61285028
64349446
60472146
45276006
22325771
89673935
16801336
13575687
24162666
92322255
28166909
83386407
39061933
28818797
63096679
68583504
11050770
59258549
51083444
45715763
35977650
45205356
10878884
47122561
61802045
62478796
40035337
70788372
52151097
99806503
65337296
37988252
58463895
86144257
74769550
26678336
77273126
40084324
58290284
69165618
77387879
91445011
93739134
54240950
65060796
78488057
94770467
58655729
36691762
55324175
36163449
39176842
12877198
61765373
53219098
19114759
30182355
35661425
20304175
34302368
78388880
82816792
19373359
24656981
11220851
78518846
97493146
79127131
16799769
80584224
88690909
12074239
60691102
83371940
50841813
34412155
61949692
21823875
98899260
29438049
57902348
45509040
58525223
86461700
36741399
30123462
94009078
99195941
61343240
13409093
88188024
18872522
17425722
80299454
53152376
24641448
32950452
80255136
49331651
76399993
57160072
57948126
22422896
77245525
85304399
94103397
26409204
40403882
50265702
20563055
80265769
83238105
49411106
64571558
91989432
18175484
23346032
96764871
73037716
63852635
47726096
18801272
51891373
25603708
58522439
98601959
62512973
70607132
67898366
99870499
81044672
13094564
46046893
75625624
29556956
52844203
82316397
83985421
92716986
30782717
26497946
29733402
86788668
62812589
40893523
73963323
64859321
29387160
43712808
82490643
68499541
72827177
36078976
27147650
22035172
29100910
81406726
13408174
58545786
39844938
76685879
77076940
95772917
91831412
65858424
39063231
94497396
54761133
29510542
86228175
66720618
28616040
29092784
33190910
87475312
62272629
57817736
53136698
48563773
43632604
42695821
68332992
54531956
77854815
88998218
74659368
86796218
11402104
50511851
37615141
17961463
15867764
38136618
69045423
34200526
40498472
31403789
35517329
20140688
59399466
71718155
43968268
26139716
88489480
29037663
32979829
94068582
40481436
92476991
34597192
42675439
54168497
96959955
80204024
30361429
56170701
18013302
89420783
15334984
15661353
65531442
69205023
97544107
51627127
35088278
17480225
57699492
25772470
96759603
67063582
72127807
95610689
89924139
53917478
91352731
64289828
28210237
61689945
71954877
49171465
94527988
35441699
11389516
90846039
82384335
97511525
26336291
90832246
96782040
97367395
14487422
74895721
40756862
16883270
21269036
72195132
96857342
46044174
27967657
33691005
62526654
71791099
56139258
22623277
80007638
96965376
41901247
45070330
64167871
43348061
14215078
22872147
18060044
26000085
13068520
78233082
63822194
53239415
63355777
16063502
37018038
78884634
86939018
18277644
43638043
40064180
70135022
75596527
67719434
64571170
70226370
75000398
97182577
10188608
60699723
47753613
16991789
71485133
98713980
52590628
41842331
32089630
35447514
88704167
44798247
39258893
52069362
31150143
58944692
80151053
82426942
39329894
58793132
77914963
28694339
22832977
87416924
35662379
79273896
96850393
12217521
30209539
60139903
87112035
58793072
68786304
10512990
24994550
78311535
91666011
67886013
90583002
44843450
53308226
18280457
36862761
21856293
42867485
53254351
18858383
66146466
53411307
26604888
96467196
52478889
88821975
12608864
51063106
11958359
53878966
49212331
62835951
13580092
43356267
64102518
22017122
68868417
77280575
51370920
21775172
23847903
46824504
13006343
92870747
30874797
50048568
80320725
82302300
69248519
27496197
81207550
81372993
35830904
37485986
31814603
41287937
45581866
86699815
42437661
54400772
31651967
38882923
73851799
51278877
63868697
94719595
28949897
47184883
43327748
15967236
48561005
54122767
41519977
57659999
27024169
84940452
41172032
86088919
73067579
99165819
66552557
43091070
21562969
35668909
55439589
29227962
95922425
28096068
59250693
34391207
35979916
77951581
42070001
12734393
89872262
59624044
98365006
23964272
96245390
32117625
69926112
55798922
27679898
13717879
78529484
59883616
21819234
55712108
88282689
27158288
30180034
12085014
26422409
21387878
54554639
55247124
71929470
44936902
18359782
21218804
31436663
93206348
56385124
18073014
77006190
23422144
19859310
86244881
57872221
55242331
33662285
28288522
33173168
26071920
63490546
25758619
50764463
27823789
77807553
85619002
52108190
74627035
11652252
66947729
64640831
88926378
85438385
68571552
23730016
38846083
75024121
37598645
48993515
56372654
98594076
22969222
37557969
33743219
74687932
73975603
50804471
64232779
59205886
95334165
46409082
18442470
67714998
34659646
34962414
48428629
88644816
58057545
10160787
99109187
55421437
36476375
53382258
83042997
97699257
97178724
23724070
62745902
37145153
14870122
19681059
37139550
64731923
70848115
20012237
41538845
46177479
78515921
24884807
87074451
49373808
99434249
62508623
18941169
97877116
10739262
33265441
76709893
83074952
96165789
66048105
82373254
16966344
13231898
16243353
24893740
38791492
73809285
38730082
26550796
74605614
90289795
28204368
87744896
55716923
66462618
30548847
43143573
43251016
23756808
59838571
99654202
56591366
16212256
26803979
48306715
57992162
29993075
25751728
56255328
29427916
53706076
81205830
86208350
92949366
29427398
23671935
24065524
87417103
51936541
98691807
75161049
44644317
86989125
58737188
68284990
75496098
87933072
64065302
31067939
24456332
71963761
48947779
10379592
52370759
61005065
33861796
62245755
29377605
48155313
75060229
90385214
48957173
60281061
66047508
17577679
64004918
90941553
33342234
95764483
37811767
92354465
92195827
36910002
99550287
16275206
92352685
85817396
40264722
61515925
40754307
94664548
74346738
34456863
53663816
67291913
70450477
42790773
83891697
74601769
36386697
45909978
20308862
16204652
28261583
85321862
38315288
19553177
56063960
93169193
22988741
21302350
58794875
66529948
65761566
75896968
40809173
25038659
67646825
88150488
74208319
21229454
75133851
41550961
76630794
81397411
41505604
81582268
95712536
82238286
99801039
34657638
71083942
33952579
11662540
18637525
70695365
47479803
10099093
43822068
55652827
11340382
78005497
82058491
87192422
53653178
45991802
26929949
15425949
37704460
13993197
93760845
35133020
19238486
56621872
81577462
39367063
92230246
43985186
16746405
35219187
49933955
35147828
46635362
97585076
73829639
27618710
54009375
69844172
75281842
21483422
25449342
92146928
10916889
95776109
26101774
73111236
87875199
42163784
91798909
66887705
52139885
50248376
96535645
32146581
70536846
27859418
95559937
33746550
97602313
50654943
65475623
15606480
36999067
45154191
51204194
21570629
69213198
75474711
26743790
72819410
45184272
98721281
15468257
71321097
57977922
37143547
88311741
75463969
21654553
78535020
94955020
68954917
43452824
45787282
10846090
53710090
73486571
48667129
75075874
16475316
93541638
58154478
65543876
54248086
86312142
53484691
13074847
37110046
92345778
56331834
89090076
86180670
10794701
15503420
39220710
91973675
79032767
28207587
40173510
48884911
87413951
88750305
74237769
93711154
87854137
77351145
84956545
82610701
18501285
78226280
43128526
67546773
65142898
59134374
23624797
95034141
59613315
60083087
33063420
38098379
23943064
91542197
69735459
18859377
18256265
81992627
56307729
58728991
96414777
65662606
93623656
68947508
78416850
79162442
80446498
34714416
93937903
66768906
24073648
73718851
39572959
37081887
17558731
69647976
44244854
40445643
86240535
81726193
26272378
24896627
96470700
20826290
20881789
56529767
26608432
97116068
99404362
98045475
60730584
41436694
44358522
43045377
36488523
16725366
66238634
90244843
67831822
91339817
64184653
53371375
50831228
24825115
32646086
89528671
96759727
83935763
34666043
71012307
13286552
30675418
84673259
20708260
74523327
76855990
33888256
74054434
89184624
38320567
54380137
32358354
22733384
37785885
37677199
65725419
31756439
93134299
31435681
17559482
67952721
76634086
57488309
13428534
19469111
28719435
97522378
75246131
79160387
56758080
13556327
86197743
21734239
35585688
37115615
22650990
58357584
37705419
23914671
28200052
93030998
82736925
13085954
62492761
42516768
10599762
81265860
64299159
83815685
47227430
85119727
36775277
33018395
78983238
13964152
97284203
96207133
38764384
65153687
96320541
51708186
51166309
10025570
11029715
58954948
14998716
35220073
64278559
35701620
81995460
62149301
29952954
28969468
99133569
27259146
18548687
94396814
66737023
64788266
89410352
12161881
57274705
71963337
27186554
66564757
49043696
90384503
42771484
22608378
96045920
22811918
90169020
73867536
92023564
31731946
70329483
48007832
77410989
65897388
43915271
52634520
89700064
63398627
72225714
87196040
26700619
71422132
80489495
77307759
97683177
82480966
83938915
88989422
15285946
99704040
78424436
86545156
93708154
12740450
78417852
37711483
86225681
33480249
95809426
84678971
62911908
62004353
70331865
75966264
50080191
44777438
89123145
49359105
44927255
34499615
77100824
59984803
77907165
50081865
42403838
95591072
34358670
23396403
90850955
47752286
50885567
59417262
19261369
24115917
93106136
62024276
16212523
87348274
61119140
46619037
50633611
36728759
23179158
72778510
63941621
56187601
83697407
40754582
77756377
59133895
26423502
87785823
93824111
31394905
41698833
28997817
41082930
73593489
63362722
84036377
85905810
73421506
19725874
18688306
89631495
17492277
71509916
17358833
26668965
22251465
45786131
20564548
39429934
38637849
52457608
25949329
31637531
12162222
57311166
91441928
57948850
94507722
98988916
79636772
90261935
63898358
68396683
44293471
58668523
94802611
99805694
27893683
38317800
73210237
40933491
35904672
82438166
47838492
62852621
52801108
25775531
68110469
98073838
64896480
76253813
55671188
33344512
46217948
35222008
69988568
83245145
16814941
32275095
42116763
24566225
53505977
12643840
16714322
14863356
95393458
67158941
55748226
34151743
64802302
57949588
69304733
42559316
17921890
49703007
57114664
70107006
86430735
60674392
96167588
67721108
92393082
38705480
20838908
50255605
52759831
24391843
77482845
92275069
36088574
76787324
56440635
96312099
73175726
32014477
81909814
55263549
84298619
19410537
50386370
73192375
35713126
18330977
54240171
39316690
66582245
12494592
21514730
35522684
55095536
74616302
35547033
39385356
36845377
47015953
78104315
81101365
60671892
97163649
73538008
42045500
78577993
20088272
66675868
23419282
41710480
44762494
48878563
72856822
51177273
88838927
82216192
34300919
90877588
59363440
76637043
73616829
63700522
91487802
74958055
47442662
68686259
26148080
90825689
96419820
84541760
88338379
25374660
22445482
58243140
65122599
89860270
86272220
74339628
99950386
93259829
49312915
22519036
24352586
29057510
87797836
56239852
44876500
53479964
38221875
53951916
43137629
42293146
14963407
51435770
60186938
97984877
40316782
54548487
35216462
82999937
22779524
35182598
50262089
15235980
29107071
23810757
28894618
75731368
99262391
73555409
38641142
12448633
85522088
56723186
73174855
38942688
90618678
26600290
60861374
28047844
62413278
70517246
25221191
62187412
76842003
51229059
57022000
73997108
31768786
12945373
70495766
39142595
43280382
14258395
27715973
89236243
67468502
72061177
27327756
99742257
41698689
17337543
15746648
26135414
53677058
24021010
21116450
14141628
65263740
37917341
88051913
66335444
52141409
41291917
11775713
96065743
93013902
55039010
91712816
61586717
78787932
65339172
89707251
48962639
62517168
64538482
75334646
64710295
63754326
41517713
75255787
71309512
53339191
22520442
57140927
90867294
79090750
50808661
74769235
53274478
89387185
11722657
47847560
97647231
42576552
47007002
14031383
78881916
23838770
81981357
24658374
22202569
50727442
87354889
72281083
44068869
99655836
77975700
47216441
46755904
28456026
94238161
45980417
64298397
49869197
94606803
89335326
45486043
68312604
12644952
68699809
83270940
65643981
44629090
73865314
63799834
26453157
86523875
14615341
99389417
68252536
58997086
60270123
20055572
19592437
11804974
70133966
82949686
20646003
84449512
71724508
86165792
79330031
20469538
14759213
81453202
71019025
13137078
21023160
46433341
97960111
69051180
77547309
82280467
15045764
42472407
74813695
23676963
70856659
18506041
65034412
10126038
38125198
71956884
23484375
47212643
75896030
34870898
39130652
65743311
99912983
30352756
46734766
70078607
91658582
83601805
46970629
32701515
93342353
84047298
70302612
93121174
19006074
17651046
59435041
27507264
52444934
66769771
55217983
90383363
61008585
60763926
78355121
55732236
97325846
33502613
64175509
35905641
23324167
30707714
30717186
70993164
73721050
66323123
97383266
79089251
34592316
31051358
52218493
72354929
47699971
45759289
53301553
82858909
16199665
89781263
46373857
90353539
13224816
84870282
59904090
44640994
47809857
18406340
89288834
70392733
61974953
56812774
15199723
28354505
95546553
91451410
35210694
64631410
83850633
18617335
32649011
50411637
65921164
16048610
91046465
79231746
35852632
17710944
64832639
10410411
19442850
65555389
94015635
58252564
23923453
60826965
96723752
28886751
15281852
26603021
73669427
76242068
59215005
86474302
67501923
15116707
75880151
72411105
33574442
14827798
27674816
11288416
64460516
21064043
76409872
89455262
35418149
80217055
67177078
50684513
70201138
12210865
15365110
77393686
69184018
63545513
44980197
37293755
90525076
64435712
70993260
10072947
12469574
70289241
30502180
45523522
64808703
59835320
86873937
83087368
94755138
47645109
42867754
97820298
90779585
11684206
48658337
30303029
74378264
86751997
58128686
16090939
49961772
39265066
54556071
81839494
52490980
37285261
50816444
24401699
87389417
81277544
65249505
91739758
53966320
24098976
51765892
25211650
14325591
53980137
93221918
32618646
72945101
40854934
99805748
47995781
78023223
40872960
96908907
89141758
88267915
71374051
50842999
50796339
32017707
62304003
89282548
79015700
54260241
31263511
97621518
31062323
64496526
96800275
23589472
84437880
23279779
64973221
44269238
83694850
76078663
13093411
90768323
17647472
61364254
32720521
28474144
37900376
64543343
69382275
59939492
71204903
40455416
66446781
25988142
86514834
96290327
34467675
54654908
52516194
60699100
57560395
56722637
36035018
70103175
16548399
66576227
74543036
14607080
86563340
73856962
16800696
74259340
79069032
93143041
24037239
46071955
90537543
78987195
43558300
39685101
38529584
27678943
76490687
59242614
16176542
97568705
40892307
65651943
34699940
15392663
50845153
89750087
95982957
77948198
72312567
26244497
84776029
49175459
14632222
51883987
56815510
91193598
97665110
17773898
67667439
98665798
72142552
58256711
18061360
30685573
12620291
42629516
58614786
33481182
26131937
95496515
83492985
62593108
90937558
30625184
36282113
30971504
71783890
87232504
92746302
40369386
35255318
43778815
40957123
62886522
32013325
78067425
84055109
57360365
31877194
43458016
20815382
22250958
54142626
66652504
22992195
66618713
30551502
73220540
60200628
51956533
44361615
99161852
46587065
70504205
27691710
87717393
26355251
20097202
68731879
16835482
10253398
63525838
90081487
51629507
56540615
48782776
69315012
31286877
99942097
53045436
80809204
94086200
43033017
62504945
43860527
78710530
48483638
17033814
39639341
56286424
71374283
15718074
30657876
27161132
93047658
14642557
53313216
87976483
73635147
25566199
20623120
46140075
63088817
79639953
98942679
78963476
91286231
10481142
86113148
75654593
67769606
76646154
48832722
28960613
88368110
21421009
79430972
69966366
43308810
65057830
54364436
61033217
96150930
72673667
21181310
33650245
95698262
69134655
46379446
78243271
80257106
82516112
12618090
32397929
56034036
16088951
89579421
25703703
69213116
31287264
62063390
30216627
64087713
59394302
22744872
73173113
54796460
67104362
56999225
50747453
45884529
23026517
84248792
30512358
77402865
60638980
49258768
17064338
56840250
23275770
30806103
22882833
71523294
50868701
36362558
88238456
34845967
42975328
90255918
95857874
82888814
83064547
99666189
80129836
47486914
37938336
65080928
76291085
45202829
20317706
76130733
75331845
25751568
29884142
54502686
90979394
17026809
56658105
72665506
57120017
69123635
30556794
62353106
63861294
38108047
17553598
73773456
91805770
59216536
69667381
43652483
52204223
14184072
68316162
20486272
55625052
67518814
76783686
54804736
84724738
52030192
96512975
56491711
24802858
36969191
84883832
93105020
86422449
72812033
25500799
75632903
73877023
58958031
74305794
24509129
45397714
58862373
90261286
79302396
33828140
39477627
25930908
19982598
54264413
46560771
19400575
35893164
86788238
82262815
90220630
66070374
25389004
72561287
16172380
73357979
10454344
68277269
65369700
32910074
40697826
94999342
62900828
81281290
14376154
31267442
83878746
57764592
43145429
48660413
88591723
22675593
85998112
71691824
23098487
61268701
69009191
22978750
20878790
66026476
48331578
59294690
80156018
93377257
41433393
87637504
61367548
87415999
66624572
64228610
61513374
85952402
53860972
24272193
53455022
31552179
43276259
47765216
51839937
23078226
17830146
30774022
85799959
67791178
64398586
25026110
11206700
89524431
95837339
76475980
63692845
88541013
58702536
92329508
87919077
88287795
13943666
39374774
25365963
81483484
33425732
97379626
28980403
44260602
86998761
28870202
80281006
16112560
80875909
42037113
90091707
78787466
68138196
95714344
24943387
49135667
55201726
25792441
76817049
13662584
81339877
65253351
75351258
28617646
97346197
19510487
80807857
56171237
54124812
98710757
91610364
26083425
79539361
92685629
22385723
32111441
91471005
52897350
23582558
71902385
15638302
69283682
59068009
18598993
52203775
39981308
53130616
84596853
35650757
27444588
36233898
81636740
82889792
26561460
97146355
78544969
35684610
83270981
51015131
46980463
14433080
59976650
77708794
69686985
42641609
35273489
61465937
43741184
62725289
37500538
89874002
70004173
63024954
87644147
95137313
30490728
61174029
11761520
86735851
61373294
48879261
79816411
18337169
82136187
46101210
56160141
38793803
86913264
81519778
90174032
41946646
79269564
70372936
83540624
67691599
95245580
47825114
87659879
89130061
98321100
19851539
97725200
74174863
56290405
18831074
16095007
22423668
75743300
55282759
80481511
73124663
30083936
13355510
98802268
66498622
15014023
13814076
89454210
81056379
48558787
37406725
37502816
98129857
91423160
58641571
69160882
20328552
85926442
26497900
15769316
42176220
22533801
83044165
32367863
58753755
85989788
18834702
22590709
82310880
97877419
84115873
54567855
52440133
99006155
82577083
43654264
74585666
88954580
98054502
26913445
20044678
16478167
91902868
19810881
44373652
56821545
51989961
22944397
28850019
84538533
95761003
29763740
50731848
16855454
46244154
57418698
98812166
71390891
48483937
57681491
28736274
26332340
62814330
71711901
41754828
50371692
29773982
59895280
63893179
56614638
37113264
64254265
95537874
49694521
79738144
17694481
87846844
60360986
39396490
27393154
12214342
53889627
15535386
55459762
53315162
61959438
84700705
79545641
58196356
87972014
73960213
71776306
36330111
30798516
65721228
18840176
96539183
98830210
54651766
76019304
61851672
19844452
26869680
36030265
88909592
47311368
39518995
21012969
75006822
47721038
40323244
16919321
94123207
85656215
83376396
95057086
36977391
24426992
31860331
74505493
13146250
71994940
91882367
98762187
70352713
77150200
53863667
76305781
49726602
51371115
78522376
17503850
80148459
53406699
66636559
59240468
21089339
67243778
86449464
18006408
38110909
56821849
92893807
73612738
72581678
23035275
78959744
93426707
41825361
27418324
32751818
71466371
34624254
55583647
66406916
98924382
57778880
64465320
51847543
15106398
50528728
77956189
79580495
78544608
54163634
59121185
97319111
23081142
59834029
96985439
33608419
20515894
23900121
99894587
50958313
56493267
91833122
38246084
86067509
91498338
55388851
59291994
90364478
24463199
45435964
79403810
28352215
37147371
13753265
42410592
93077254
38264180
79759480
94573255
43982077
33163267
31825072
52066630
28492935
48776277
93358816
66794155
20090919
88070421
30731923
55183224
94610838
85935479
55492078
17234560
41859790
21717322
32372037
95069498
29710810
27806691
10763078
90336683
59640661
55089526
84897878
26508159
17877290
26486516
10091965
57566885
24854550
64447987
37302056
47896600
71148863
70901239
67127130
32426652
55636726
88978385
58236068
69954621
92493943
28641643
16380507
89210960
49753684
28087250
12193222
12096508
28826858
84724202
73013831
87301109
27688128
23777545
26958210
57834312
76803401
32190643
55749304
59995395
72201568
25794851
72382837
62356164
44684015
57117864
89561271
67531808
23556977
37905143
57852111
11216728
28982906
94032890
68621281
86146970
28337505
75548940
71990285
73804666
31082967
87028775
81173967
87347429
12052071
42396408
44294107
67229984
79288662
62051217
13886540
35717853
99698794
74534287
34068499
91050410
41339163
26633391
24040034
44006023
12422508
10456971
59409843
36324398
40466889
11709324
23639971
22898930
11716067
33785380
93813221
34862144
21476124
27402562
44776708
22694779
88063722
56752650
59266101
66063663
29756984
75287146
16631243
60468218
20200286
29977301
76828798
75180254
18975654
56114062
40165915
47218730
54617826
44133421
83956471
26618883
10883981
60746157
37908975
44259741
90822233
40935660
43310176
24691730
79316006
59500729
49449766
50617314
37008621
99154233
60765095
31801717
63355512
13464973
33967744
47407163
28583659
90209032
41478325
72127393
95450557
47241618
62225968
97557108
94286360
88031379
30664588
80600712
25603705
85402108
78245555
58041755
57569630
71891538
42178205
66287511
58194153
99407618
94574445
41993547
57239927
48225383
59475078
30656388
46844772
40862626
91381105
80249313
93569052
67050772
77126564
61475293
71346574
58931571
47992962
74472329
20133054
98326573
33637849
43636527
80483975
55469067
72289111
52322454
12974077
93806118
19673193
69585219
17323510
35185541
82458257
17178147
87191045
38775187
55054678
54137597
11980639
92554349
42683981
86326454
16519757
49389503
72998703
64635556
55860020
33707437
49709071
46588490
17890076
56277303
98349752
44062868
50237381
68468784
11683089
30705450
48006117
28454515
64439719
91543316
48721192
93645349
38324860
82217002
84408608
20752634
30867235
95495359
83353135
44151911
35885076
94246467
48555702
57635350
30021483
42070602
25226697
68239590
83852299
84267193
51780218
99939660
96247290
19642699
63706674
33433665
68537301
36203276
39684050
83906122
34405926
64964389
46624445
46525825
68225096
90321512
31373931
90876752
48482755
34243240
45101717
19106535
35707818
37551645
90937789
33369363
31709875
21131251
29497020
15733520
93963002
54288071
63407466
91160528
22450308
62626669
35206238
50066669
21437343
70598803
61883536
10787152
53854930
36467818
98478150
12906157
20531987
40609956
44623315
46117417
67683619
89081015
39670175
29987279
27383129
43014948
54171937
11796727
69895867
36062470
89582576
48827561
97252510
45060041
72190373
86153010
60921961
11855823
29493845
53314783
45659772
98697311
14693519
71289233
59839186
34872596
23820615
52382648
75636321
70272178
59686732
62591562
39174702
13035223
74330567
24654202
49988066
50558149
98577557
95229897
89404306
90288056
81636805
95246193
10044737
78748266
17477445
29353787
55064651
27836742
68960067
99111242
17142089
64622478
36348497
31060114
79357086
94078207
97621916
53613446
20623537
22828219
76789795
78072618
64764258
89735334
76233767
24096675
88600724
80012541
68611519
33727929
45561512
71366319
66974614
10462417
67709395
46990168
74468569
15617925
50782992
97244932
36754764
73998058
71156336
77527589
30842272
34501628
81305919
38639117
44692992
54226970
49951728
78402072
35471787
55169172
10060577
75440787
22015960
72004599
59127983
82024787
59232694
53340768
60234285
98834525
29890252
59701595
23332503
54211180
86679395
47056793
79005759
87045715
45223376
77172377
21071998
27789731
17483554
95868514
56040619
89195357
15498180
11714272
49586227
18493345
72841582
40345527
14352914
67313632
48926795
10221182
52889526
96601976
83368726
31871539
47645687
78535957
67560530
21448626
62913104
46888952
74871486
92480211
65040585
43361090
31503696
40278231
98856341
32672583
18843834
82410639
17584372
10132662
61715721
68644710
14955426
76560507
16105311
96933579
78629767
39231990
37458083
47977787
91492373
51356096
48008735
32622232
53280939
44188833
94602212
14669338
76230685
46579820
41656022
87797238
92431376
26518587
18639869
57450144
26173026
44406084
67157540
81216652
19635020
98652548
45172670
19066183
29566782
59305888
78049198
15232190
36015807
41372727
58621505
60526985
32381046
39125189
21594117
63396240
37488454
67702809
44467823
48523951
82249463
23881909
90803423
88469862
48561967
10986059
94170736
59292813
67705479
51763376
29394244
84002094
48908036
58587627
32688822
87437837
20950722
92561254
75963162
33149960
19840651
97729973
33644848
87137010
30841379
97865207
28930013
35970007
95474905
25071580
40444521
33806580
60972276
94178817
79511547
91403778
54874165
37024144
48337736
28881038
70920808
56331616
15950491
89405231
12300095
44863693
50008997
19143983
47219632
98658080
40160749
33362088
50938355
89314593
18429906
27096617
70580615
28353303
88688112
79187556
31368668
40346607
71312192
17180062
38830084
96515537
42979717
36866486
93964703
73194911
65250092
39808258
61207546
15795350
13717077
10605265
40407247
45766386
98637555
45204170
41757983
14410611
79763567
17223723
22521752
52926091
57900361
94953343
66128620
55092056
73398749
55246537
65694881
89941774
16214939
38134280
52612959
62740985
26611040
62573024
48396558
23004086
54396857
13105150
33273556
87249456
98862004
75927550
74048015
15733159
69212239
33396161
13889638
97953900
18758188
99553482
25086647
57082112
91585731
80293696
75309949
75633550
32368149
56372436
54873383
79093907
89278492
69851531
56092870
28393134
86821896
24145166
71121497
40363860
33881713
80603643
67476034
36681331
25212719
46362350
48535566
25985716
17908175
56656669
64943118
11566621
60631098
20613575
48669002
11674857
84730579
17994143
14176889
31631136
68001966
17124309
32267525
80454294
17995886
71770008
95221533
21824308
56070248
31038601
97093960
39184137
48698315
16329917
84806270
31787801
75053386
95237759
10608499
48406204
41540727
79985180
44867929
78414803
17640969
91937244
84254058
29630917
34536639
17434525
82166291
39509704
63702609
14680666
22149321
10369577
61683299
81250498
65255422
37599031
23597809
16289376
13882848
38472965
39207426
52508777
91792876
15358620
19424673
45127400
21707808
51709763
21415855
77337521
72714062
23792605
58771886
87390808
85953512
64546102
78352023
33079147
15251304
68178684
80078289
69841550
27806096
97041379
11330888
27277803
86625433
97853376
81245170
65679166
36261114
14109576
41936573
93805378
91280261
90122106
89139100
20845618
46677210
73694510
92263920
56739034
30429133
28672777
11069396
28966059
66551575
69013276
87906012
72237747
74062717
29435709
24210619
48905016
64155112
67415816
97910656
65310253
28842021
96513062
37786181
55337699
27726253
60254237
89804752
34633723
47359173
19586030
59052250
86517274
94861809
99841733
47060694
68520468
20180287
27786551
77791369
76657826
61004100
90957146
68680752
30124995
40554284
25064866
78566065
19795659
75927252
86968566
77651679
22503125
51994111
25464966
84532131
